models/results/grid3.asc
ncols         140
nrows         100
xllcorner     -1750.0
yllcorner     -1250.0
cellsize      25.0
[rows 0 to 19 of 100, columns 0 to 43 of 140]
167.6595336001008 167.59304259086142 167.56024343005558 167.73270716157043 167.09420526885657 166.55142974807217 166.37845082347732 166.69613794384276 165.98626975384292 165.21754831530097 165.06044436656353 165.6228493901203 164.8058591342063 163.83686066188778 163.77879637408788 164.66358372449184 164.16713696892137 163.11291118704358 163.1078572042241 164.15533585176289 164.03859198899798 162.9575429952153 162.95754299521525 164.03859198899787 163.87856309403858 162.75149690255833 162.7445690584165 163.86238648574894 163.7004398066028 162.5323396032854 162.5253456685991 163.68410887601203 163.52245979621455 162.3171780659396 162.31710808771592 163.52229639613086 163.52067972315498 162.31502444720925 162.3150205595301 163.5206706453726 163.52058084240122 162.31490493321553 162.31490493321547 163.52058084240124
167.6290467045776 167.5372677822579 167.178564837831 167.37562419288975 166.93983959572893 166.3070833272528 165.67004098523392 165.98071868203826 165.59116496748274 164.72843584374752 163.9742184129403 164.58550051465446 164.13632622792724 163.1063183860093 162.5867840965117 163.5663819866885 163.2927371873725 162.170172427328 161.9052538492254 163.04805813718497 163.03996052848606 161.87653535191967 161.57072628320216 162.76912351955838 162.7580235667111 161.5313598507413 161.3433483765065 162.57772801266375 162.56596115763801 161.29767481471993 161.10947342012048 162.38536589648936 162.3741484709555 161.06965276058915 160.8909531201404 162.2157455248514 162.21563308929487 160.89055215080037 160.888760779641 162.21403884214814 162.21403261321828 160.88873868848927 160.8887386884892 162.2140326132184
167.64387916615638 167.23174038533406 167.11145735363772 167.22842106251267 166.76984444728194 165.6994604202853 165.18892217977205 165.28156346708428 164.84709563638637 163.46254866261722 163.03494768663143 163.43677924588664 162.9784849007125 161.62583329940205 161.5116232521769 162.3760768090833 162.11107593465593 160.69638408607096 160.6647725141862 161.85530125762227 161.84481476823646 160.2389508662616 160.21301303875092 161.56877126621168 161.55439670922286 159.88774173916346 159.85926364616623 161.36187326617102 161.34651466582355 159.64032991700384 159.61171616686667 161.15360216666647 161.1390743327217 159.4013117310305 159.386028371172 160.97753778931178 160.97739211650693 159.2255394643756 159.2253804932588 160.97576230509662 160.97575423856625 159.2238415975191 159.22384159751917 160.97575423856637
167.8504676520816 167.48161174625164 167.29877837677046 167.09935819610686 166.44406366652944 165.28313377905312 164.58760652372578 163.74730537684795 162.62470794948453 161.00960080858877 160.4455915428427 160.35437372302096 159.9682970539687 159.16417292257066 159.05072432693294 159.4322479056533 159.21664182710347 158.34257671925798 158.30740253917602 158.98666861540676 158.97498410291277 157.93243282065825 157.90607667924377 158.73682177135706 158.72080500115376 157.61313671427294 157.58001466761672 158.54195562124036 158.5245949501958 157.3730696976431 157.33976988491978 158.34528831165179 158.3290983929519 157.14488991302107 157.1293178004304 158.1896006011545 158.18943814718872 156.99188781826072 156.991723935027 158.1880248406608 158.18801585257424 156.99039934259162 156.9903993425917 158.18801585257424
167.6434966887139 167.5035156199806 167.30110017286228 166.81866623432575 166.0590905539595 165.0932201614726 164.35648258730944 162.55467966581114 161.2643937776904 159.96441947511877 159.35106625283328 158.52974647310347 157.5683908438999 157.66663606235042 157.5183429611776 157.20832923150158 156.41493271541268 156.365200544263 156.30916037682096 156.28280292085358 155.8283933269057 155.66808689974954 155.63487159465748 155.7458797724691 155.24543033400883 154.928124500082 154.86827953533398 155.10674519107832 154.68324736838974 154.2401852899233 154.17930625358528 154.54217245670523 154.0525934717826 153.49189153996596 153.4686692542821 153.9954546693133 153.78382514590768 153.1867499089733 153.18305205907672 153.77510252118446 153.69269863602725 153.07763304835044 153.07763304835052 153.69269863602722
167.38077278981027 167.20645880721693 166.981055818713 166.33629843649783 165.38379485607607 164.29907444242335 163.25442986204186 160.92127485677216 159.57450803156937 158.28933732284688 157.11304465736558 155.779064274041 154.90618273711488 155.34837678401271 154.6650263444088 153.91045947741952 153.29279671950536 153.60434952908915 153.04249734417573 152.62861770680917 152.2808210956998 152.4782034900109 151.8178410210336 151.59690465001512 151.318091386283 151.3031627950882 150.7323077513691 150.6305034314046 150.43326827286177 150.26232894029476 149.6297349112188 149.6864270248918 149.49160156352377 149.21395889248382 148.6801576646203 148.94678338837303 148.8116702158766 148.4748873533329 148.31756975552494 148.65837384192776 148.64999449509483 148.29125844966248 148.18070955910963 148.54888095382304
167.36245419052474 167.20021800176028 166.9102464370806 166.23057942500438 165.2538106624745 163.96404631878463 162.92989116619552 160.49008536855862 159.10121439171502 157.48506874331275 156.52971235144108 154.8841332173044 153.94483519485695 154.06212016874298 153.6552303295536 152.5597136476121 151.8876251038933 151.91621301188735 151.70699715852075 151.00026712699065 150.6290657276472 150.28555569026392 150.17411522880099 149.8640203064843 149.55659156334053 148.93032599026935 148.68586780538763 148.58878398219062 148.33906436706934 147.41351872422723 147.1602476166008 147.3029166724635 147.07902247658564 146.14130161962606 146.05258771792197 146.46400282764003 146.32166319154481 145.34257731905416 145.31919212784692 146.14650092825573 146.13521545894142 145.1366369328311 145.12644231525422 146.02381997507104
167.60060536405896 167.44181517674772 167.15045298051123 166.44962172441183 165.46141585347905 164.13981842821013 163.09887798640148 160.6392644188481 158.98562345648156 157.11796156759604 156.0920553995229 154.3523385889113 153.2241600136198 152.99678529195418 152.4643694240241 151.1094149251885 150.2081232914364 150.02540723533633 149.74632999331283 148.96155239961666 148.6379763246835 148.42035547815559 148.3058638051922 147.93394154584928 147.65690776236394 147.11500675721535 146.77295952936396 146.17224143850447 145.50628870767122 144.44502930027187 144.0921110606131 143.9516415525649 143.7373542758339 143.0812581379501 142.98500828293746 143.15692294294752 143.0326937570115 142.3261734593746 142.29780457883146 142.8625649015394 142.8496462714987 142.12067827197873 142.10963294587154 142.74766211749656
167.64115513678212 167.48763760398876 167.20879214960524 166.6023135830875 165.50845818206867 164.41713292460517 163.43184221479427 161.30893247546976 159.23881193254226 157.68004232533747 156.65779691785295 154.85646350230834 153.21832557120447 152.92461299622508 152.320222632305 150.676407932654 149.10273150140546 149.02922651112303 148.69793478302583 147.7629271495826 146.55909420755245 146.91828897530198 146.77866072540053 146.20166064659315 144.87759172935992 144.78531717469332 144.36939496792078 143.14378314054585 141.60029101100912 140.87751439285384 140.44486553869353 139.81882323758967 138.42387495236213 138.33519877944036 138.19899276456854 138.07675948512315 137.1968459093005 136.98558250816603 136.93177678701394 137.06721155142205 136.6427653035026 136.3564393903279 136.3430814843157 136.6085379576037
167.44063896566436 167.2933628355504 167.07623486220737 166.63408062304626 165.59196889748165 164.62605929880004 163.62303479216362 162.00463180499565 160.48518072350987 159.18852134720137 157.79307836567463 155.94841899992815 154.26447807691565 153.69772649048474 152.35335898047143 150.4835912739272 149.00920746295168 148.83142724463946 147.76819516255915 146.66227436622702 145.5323906290463 145.9447030120633 144.78860023618714 144.10908075117936 143.12380434920954 142.99586952204993 141.49158156875916 139.94360667838544 138.65202138084658 137.85548032329478 136.1068933239876 135.1911111216514 134.36344272488708 134.40886884468148 133.12041828183436 132.797604646914 132.166658701786 132.08036833109355 131.43975143308572 131.41533202905867 131.23032940162977 131.08058076731783 130.65725286422764 130.8002581882343
167.4826433237254 167.36372136524753 167.20017096507684 166.81367125227226 165.80722330121222 164.7532764559686 164.09032185732974 162.6323599210408 161.1280929504879 159.52057446327572 158.45347157588748 156.56735474459768 154.81814995764663 153.4940149434181 152.4164199522852 150.37870211189664 148.8064838222846 147.8411834647868 147.17085931427633 145.98053667069627 144.78207451707814 143.97189340695223 143.6216005924529 143.09288404000205 142.02629462792166 140.44788936954762 139.55060598068934 138.15127042382082 136.72300415309076 133.9584892579238 132.99657028199508 132.50087068556672 131.57581567430594 129.80054172625887 129.3726176973369 129.6024504559457 128.9078961820336 127.00066290433892 126.77529172051094 127.90105087943512 127.69055338944783 125.78474560033102 125.72463104156978 127.20861576100526
167.73512071169017 167.64443347637967 167.50701422240945 167.2319585203815 166.4304778144358 165.50530991104858 164.94025703114835 163.8562979034333 162.55891608852346 160.94082086484508 159.89289867642208 157.91679048998637 155.81100584475087 153.87894037873016 152.61304421177212 150.27556013964306 148.2921676408225 146.83043895659168 146.02117692182784 144.7203821676451 143.51049672723633 142.59969778997743 142.20007916769745 141.64235164068015 140.63120899992398 138.991983373824 137.87785234742313 135.6103102319431 133.25915391010665 129.9234266802569 128.72573088157495 127.81193122544528 126.83343381785714 125.25138443074849 124.70598234056548 124.32756691415373 123.36054316427935 121.55526857737019 121.24090414883118 121.92762787116023 121.72797716964821 120.25597308102296 120.19265963403926 121.27589268510692
168.1066002103571 167.69895352916134 167.5860054619837 167.48571754799198 166.73236099078045 165.81634543243047 165.3169903166084 164.82347877420418 163.2266803019426 161.6237096103282 160.57870145031356 158.79568352696054 156.25002982778557 153.85142843701638 152.49367666721733 150.17631598275096 147.49386732152462 145.73219557813965 144.83106053390662 143.705847250109 141.31599946761438 140.66458327371515 140.19311423511243 139.76011599448148 137.2987102189901 135.96007250079526 134.70071673160868 131.92486164850615 128.08264346429632 125.09232105643079 123.72916603388846 122.32491327557186 119.6396847493508 118.81470527274749 118.14091223022277 117.16237799283012 114.99713992145765 113.91009096433021 113.5077119716354 113.42459371137943 112.48901380167473 112.02746834031507 111.9528100041353 112.29535877089634
168.02396608668485 167.58647770379736 167.54155222973063 167.61497808437866 166.8980092313412 166.07357494574248 165.5439358255553 165.5754943257 164.354153121965 162.87185761176036 161.49171252956677 159.95004312603834 157.5661614746567 154.9346596158514 152.89827272251475 150.61690252675214 148.1866649406777 146.31122992208202 144.64030571596044 143.34705767465135 140.78246501012043 139.99072714204735 138.3965349374895 137.80005171693526 135.4194797182143 133.90626832742387 131.46894235997857 128.41292370166732 124.83057688642548 121.84784335572564 119.04745459351541 117.1017143218653 114.67274835809022 113.9140839716585 111.8876006776876 110.29375370636724 108.06684164001648 107.12730091109404 105.99581046363973 105.38615358636825 104.55098279733187 104.47167967124925 103.7124824263671 103.66240726638817
168.06795443277917 168.03842217065102 167.67581741946626 167.78427614956905 167.09719109562306 166.4623445838455 165.95884172195517 166.0925724145435 164.8883934697765 163.37789192974532 162.10526690764905 160.54608568360385 158.12964633890522 155.1209124495115 153.27231783728064 150.81899097675594 148.31007097864847 145.9510473586913 144.64380323065132 142.91300143900875 140.23971129326168 138.408259399692 137.5062385986921 136.68485698352438 134.17683438313637 131.4460445115194 129.52390676054003 126.22556943214583 122.4429823254265 117.69963940290852 115.55709690217257 113.60221217403476 110.98911866191966 108.56530441215205 107.15010787122083 105.52943448158695 103.12368079932175 100.50408819483883 99.60044493944352 99.68103705154255 98.77726799470109 97.0389891999756 96.86474220104398 97.78212555459048
168.20880165209522 168.1921066011735 168.183821245668 168.24896487509665 167.48740562166617 166.9480029835849 166.77654543195703 166.9328691449727 165.71624766610302 164.30177687136901 163.31899599576582 161.49528387956286 158.69932767043477 155.44733763990544 153.725769800119 150.9958803629223 148.23199670213816 145.580989349437 144.12356916141135 141.88299179435052 138.95131838814513 136.81891458527932 135.7844738855711 134.6274426165307 132.22662107494335 129.56346479737425 127.36323099734948 122.58075167840883 117.49217603043815 112.05233186719762 109.58374347183768 106.68806674729115 103.89890358989375 101.73478121298068 99.98804415606656 96.51648322405018 93.04041998208722 90.35416472663358 89.19245896307409 88.10388054943178 87.29559938708303 86.71404042796715 86.5405150879164 86.37056077130994
168.54270723228217 168.31124925012045 168.307359144017 168.35593537382923 167.8874204744183 167.3723982346975 167.2275174062143 167.32158340302092 166.16548636309912 164.8423095420717 163.86472503820406 161.95609046545758 158.8984004685494 155.8139120034436 154.0564689903752 151.27474930795927 147.63151545822805 145.01183842857284 143.4663357852511 140.93569315907615 136.8015830294316 134.74772039068472 133.61013510890936 132.17200109000024 128.49979406847524 126.2808644651898 123.950015638225 118.28399227568569 112.04244481383125 107.24085646974594 104.6174696852915 100.5859744525357 96.5259977485876 95.48867983014517 93.56396549998333 88.11516371580312 83.64187346931604 82.15324125684407 80.86357650155209 77.83189344636338 76.09364157266893 77.86159363196008 77.66926264906353 75.58908457134599
168.53630960383512 168.2785701303915 168.28820140449378 168.33681466408478 167.76613441716808 167.22958500803222 166.90811821493622 166.9815600430117 165.77181215074833 164.40866906494114 163.067023190355 161.39240857098673 158.7750766830701 155.92682808882833 153.31501826772626 150.75363506848305 147.82454327065474 145.38077161378533 142.70623286442847 139.9545963585448 135.86332938994906 133.73802975677037 131.4388713766687 129.603469512985 125.88197005420088 123.69059622950502 120.24356615583993 114.36806403376607 108.51089381732749 104.28993618463478 100.58665669324304 95.66060270584605 91.44608519375554 90.78555775066793 87.86413820103787 81.19904169440444 76.6546504126525 75.93209266273038 73.88437922991281 69.52054114208626 67.73116511568735 70.63720253462598 69.73610984535239 66.45413844342174
168.5469665643153 168.54859598398403 168.32262881859776 168.36986198344457 167.80256315773522 167.37640039119745 166.97020666747358 167.03928627894507 165.82994249810093 164.47760843386007 163.13732258424247 161.45376706005817 158.83061879342586 155.4965802721465 153.35648092215104 150.72742950850613 147.75997279327404 144.59540040022165 142.56641892771347 139.5269757582406 135.35572876929854 132.41676124317047 130.65579671835047 128.6439917063149 124.83882768027146 121.70743577937361 118.80705151603499 112.77664321162267 106.8071005282391 101.17831370021533 97.90779880959407 93.31692083809156 88.98377492451026 86.9235078005912 84.22665382442821 77.95394026169343 73.27465588906074 71.12939848576156 69.36734574263085 65.5482563465621 63.69662943957943 65.12465163442477 64.80379749698415 62.29890695587075
168.56907904903727 168.5703309103992 168.573359856338 168.58492473087938 167.97937245285598 167.59038350617135 167.47074849277294 167.53943403157027 166.31962841771295 165.03156029049705 164.05805407766323 162.11950462919577 159.07920572301055 155.5500438405972 153.71010303775745 150.8677585148024 147.6053669483673 144.20752656109266 142.29153760392134 139.02504744878274 134.78234410089283 131.53037417795917 129.93616201776027 127.98174352579214 124.43526379894087 121.20308871860199 118.33024339289975 111.59062091186513 104.62421315183231 98.06565775084256 94.81228662697708 90.22489799187146 85.95252542645183 83.5863208658365 80.88038030117367 74.11411633220611 68.74783224727196 65.73677697578337 63.85486445602473 60.26687853845291 58.66898209204229 59.942147056467036 59.639765439472775 57.40091904986556
