models/results/grid3.asc
ncols         140
nrows         100
xllcorner     -1750.0
yllcorner     -1250.0
cellsize      25.0
[rows 20 to 39 of 100, columns 0 to 43 of 140]
168.62745098041987 168.62745098041984 168.62745098041992 168.62745098042004 168.16392159552527 167.8177443394318 167.7018938810008 167.73159354631184 166.57293190580222 165.33542187374243 164.36332485863693 162.3762152530664 158.96945298959358 155.78237183160422 153.9246722844091 151.02665995506413 146.71950362456823 143.5787561914 141.58092668343323 138.36659296079733 133.1247236142388 129.81302796770305 128.12389591908334 126.39323348363003 121.94596237340174 118.64412747322396 115.75885451591179 109.42576452919592 101.69578255362117 95.25386356528536 91.99872963402619 87.54710520908367 82.67705149940664 80.30957930706829 77.5405782960405 70.84802907029459 64.82571837240238 61.69044556494543 59.7518282201963 56.49726714392025 53.9535446817316 55.19733542415187 54.87359609059704 53.028884945993696
168.6274509804198 168.6274509804199 168.6274509804199 168.6274509804199 168.05671129548853 167.68136171886735 167.3733059630066 167.39170270467636 166.17443742870952 164.87791695556044 163.5400329041191 161.80420493310893 158.76421357369898 155.7882124446931 152.9656891214849 150.28256340548606 146.62882988576519 143.59854152685156 140.3283062892284 137.2893158196336 132.54469785348402 129.28264291413709 126.44053637674334 124.6675946111823 120.26196715535711 116.8868695332993 113.15825600278984 107.7533561548239 101.01393809494287 95.34556754040882 91.46927583005997 87.23164781179491 82.4836209476006 80.11726295679999 76.70223505457342 70.64023310616788 65.62374932398569 63.001448515992784 60.340725262615535 57.090754233196726 54.521160002016536 55.60607439886443 54.516455140060636 52.727268030762474
168.62745098041972 168.62745098041978 168.62745098041987 168.6274509804199 168.0567112954885 167.68136171886735 167.37330596300654 167.39170270467636 166.17443742870947 164.87791695556044 163.54003290411913 161.80420493310893 158.75470153239246 155.23070641638574 152.8890415801898 150.1883944781055 146.47677287597907 142.59968988486509 139.77889026495643 136.51535198751074 131.65001262791458 127.72297410060695 124.99198567136028 123.05106624923539 118.61378367627754 114.77455578185734 111.67802222994213 106.5256071044459 99.89632858809978 93.66907683762098 90.28015661905415 86.75621897058464 82.05644198023028 78.76285782452968 75.50256741084112 70.2094440635624 65.19206021405664 61.520035980244884 59.36424847252052 56.57121582521811 53.98049776991227 53.87103629261732 53.31367361157079 52.08732844435365
168.62745098041975 168.62745098041967 168.62745098041984 168.62745098041987 168.16392159552504 167.81774433943167 167.70189388100067 167.73159354631167 166.57293190580205 165.33542187374232 164.36332485863684 162.37621525306633 158.9464549279045 155.23438192890936 153.29776397735768 150.40990124449974 146.35214614555832 142.21875363845405 139.5963668039066 135.11700891681602 129.1470359934097 124.40215814486525 121.97752367648486 119.22966681785344 114.67394299116818 111.22738554441635 108.76513667525288 103.64056940796071 97.40338580956347 91.77001947763037 89.15549735927321 85.74250825120106 81.05093968026345 77.65139260848919 74.86353967935358 69.08385760039653 63.40152525341463 59.07498463178916 57.04107005318879 54.43354033106094 52.17314926572318 52.04712696468549 51.6256966178936 50.56883748055713
168.6274509804197 168.62745098041967 168.62745098041975 168.6274509804198 168.1639215955251 167.81774433943164 167.70189388100067 167.73159354631167 166.57293190580202 165.33542187374232 164.36332485863682 162.3762152530663 158.64254963484768 155.2066310437484 153.25830048044747 150.3614551762817 145.46626941987722 141.5424747952676 138.78782681934288 133.34405762618454 126.95047356239571 121.7064523461686 119.1261358451012 115.39959305197881 110.48993300843836 107.50773791682361 105.14383715451068 100.62740539592582 94.15946812437541 89.60733665110845 87.141025590656 83.83404461237326 79.34894036665519 75.71739294964652 72.93572507991544 67.09177178224598 61.38242143000723 56.78319143950295 54.72566703810022 52.476934693399066 49.63960624967382 49.23945260953967 48.78441794107941 48.168610864410596
168.62745098041975 168.6274509804198 168.6274509804198 168.6274509804198 168.05671129548847 167.68136171886727 167.37330596300654 167.3917027046763 166.17443742870947 164.87791695556038 163.5400329041191 161.8042049331089 158.37170269500947 155.13108442286583 152.2047927121414 149.495360076878 145.1346753872427 141.257098194586 137.10067002013113 131.28712463947522 125.16762768497853 119.94588083298679 115.93491975200526 111.43629846370801 106.60703582507519 104.12670836535852 100.94720783168884 97.30880765756831 92.1812034023991 89.11557019116566 86.21629131395139 83.14680625619293 78.89442939320915 75.35733458243384 71.92844313795649 66.64190167127764 61.93211195395114 57.89242075028112 55.14302892620234 52.78205031852726 49.84874548285259 49.32377115538103 48.1283298683524 47.423364092243084
168.6274509804197 168.62745098041975 168.62745098041984 168.6274509804198 168.05671129548847 167.68136171886732 167.37330596300652 167.39170270467633 166.17443742870947 164.87791695556044 163.5400329041191 161.80420493310893 158.35901991545424 154.70743970718954 152.13286805478853 149.4035423029745 144.97446517782106 140.4112527487579 136.47790456491617 130.3657938286442 124.09775306646209 118.42432272446862 114.2103180214657 109.47722365401935 104.61704875473175 102.12602659056495 99.27607853948882 95.94549125782899 90.97156235400428 88.27734442013181 85.35112554461762 82.88317991742862 78.7105517089531 75.06818615732521 71.29169081464174 66.56042397751223 61.854496771620575 57.52206406042387 54.82516661034692 52.54067991185408 49.5674596494338 48.63049726396573 47.52439066013986 46.82865300331322
168.62745098041972 168.62745098041964 168.62745098041975 168.62745098041984 168.16392159552504 167.81774433943164 167.70189388100064 167.7315935463117 166.57293190580205 165.33542187374232 164.36332485863682 162.3762152530663 158.61188541281567 154.7759367150141 152.75612250119957 149.85282956863904 145.08544174963288 140.2897811236367 136.77656299424748 129.60490191442784 121.96964748596062 115.2944230298742 111.81480656377279 106.65414347187216 101.34297084273301 98.82637080532918 97.09416509607178 94.0390425433583 89.40125416192663 87.10654228001991 85.5868835411842 83.16099138204954 78.4948504031607 74.75253530906105 72.06732750195303 66.79450518399722 61.0899422846119 56.14710559240641 53.928454235966306 51.46298956417583 48.37195843419295 47.318562680967894 46.54601550067459 45.496392606182596
168.6274509804197 168.6274509804196 168.62745098041972 168.62745098041978 168.1639215955251 167.81774433943164 167.70189388100067 167.73159354631167 166.57293190580202 165.3354218737423 164.3633248586368 162.3762152530663 158.30835082929156 154.74886149668546 152.71777233700783 149.8060896851169 144.31313491728244 139.7621096019234 136.16121854038238 128.69010804614206 120.5722140965071 113.67584583368259 110.09557772178911 104.69859163435947 98.91640914794735 96.44142462624774 94.74804389046534 92.08548252285892 87.39263237259463 85.3101406462677 83.87582037971842 81.48922092722768 77.4569167470986 73.67444622082962 71.0315916823859 65.57237179775926 60.48224478435354 55.64480754238891 53.415422575392554 50.642364456953686 47.94256388739832 46.837530728597166 46.00616143666349 44.361009874658016
168.62745098041975 168.62745098041978 168.62745098041984 168.6274509804198 168.05671129548844 167.6813617188673 167.37330596300652 167.3917027046763 166.17443742870944 164.87791695556035 163.5400329041191 161.80420493310888 157.97988170329282 154.6145609113193 151.60466607112704 148.86363566925786 143.81773337155522 139.35259778675993 134.52713218033983 127.54585537656432 120.63034081734416 114.31227219874987 109.13399213708456 103.64975041440907 98.51016290955454 96.28352467547629 93.24451399406514 90.74474393823729 86.31540646623796 84.51575065889115 82.37580552222566 80.16764782555967 76.40705721359717 72.73569606402685 69.61373798948442 64.75369433704091 60.34470482016151 56.050390761282706 53.77972153095322 50.753000964602826 47.526316479087264 46.25348033118141 44.98307504345266 42.935931654326325
168.6274509804197 168.62745098041972 168.6274509804198 168.6274509804198 168.05671129548844 167.6813617188673 167.37330596300652 167.3917027046763 166.17443742870944 164.87791695556038 163.5400329041191 161.80420493310893 157.97671096504413 154.21294452395264 151.5586843487619 148.8094721283158 143.7383394114634 138.69164751875292 134.26988717479793 127.21319750454218 120.24487455404656 113.27924199888767 108.48812826982908 102.94845262586364 97.77062064326942 95.0813335541644 92.37949827348244 89.89128306859787 85.46176906542391 83.65003896211505 81.17777390678008 79.42634218819394 75.69972424288726 72.07888018120653 68.57455850734925 64.34999351960788 59.97290216834555 55.70758145162493 52.946728454353384 50.410861693218784 47.15624904994646 45.77701749581506 43.99464767565615 42.20961579941444
168.6274509804197 168.62745098041967 168.62745098041978 168.62745098041984 168.163921595525 167.81774433943167 167.70189388100067 167.7315935463117 166.57293190580205 165.33542187374232 164.36332485863682 162.37621525306633 158.30068466894858 154.36373902297265 152.28356992271875 149.38875611694476 144.11712248117817 138.93036341331566 135.07121826460943 127.20622290180269 119.01831794917014 111.19151617176819 107.28791281763185 101.6020734295974 96.00303010043653 93.05919983562279 91.25115364063656 88.50792126879952 83.81874523813171 81.81589720779264 80.49439868983832 78.57101660501365 74.35068028684641 70.8476792203799 68.51855905604926 63.97439987677716 58.90237769388458 54.352331142516036 52.16258275896176 49.45653575604395 46.00296159168747 44.44119277399157 43.25282364860971 41.13110074379779
168.62745098041972 168.62745098041967 168.62745098041978 168.6274509804198 168.1639215955251 167.81774433943167 167.7018938810007 167.73159354631167 166.57293190580205 165.33542187374232 164.36332485863684 162.37621525306633 158.2292349680002 154.35744140508947 152.2746681922404 149.37794812541637 144.14612204791908 139.0692032293942 135.2029177290537 127.30931949232425 118.89923624497278 111.49079557058919 107.56737929530664 101.8137500748126 95.48336450753494 92.70653485474473 90.79470221426162 87.61108667441502 82.527408242228 80.23615394014816 78.84933184776507 76.74274025373592 72.39672620147935 69.12541689135351 66.89580828113782 62.581116489576836 57.8498204495623 53.567066554085635 51.450762285672816 48.38128877668919 45.416312799054744 43.74437899399703 42.53918287593852 39.948385139226865
168.62745098041978 168.6274509804198 168.62745098041984 168.62745098041984 168.05671129548853 167.68136171886732 167.37330596300657 167.39170270467636 166.17443742870952 164.8779169555604 163.54003290411913 161.80420493310893 157.8878648901527 154.19186236723877 151.714437642315 148.94596245414982 143.75075304141362 138.79580562765756 134.5791389382421 127.45785997817089 119.97608259797713 113.39969778352769 107.98775979021596 102.37234174925476 96.6664142693809 93.93777340354866 90.41309540242153 86.77450905685747 81.75680388500771 79.24798976025566 76.32763154593098 74.13720957002019 70.62282616846389 67.78813969308095 64.28756189622511 60.724101024580875 56.96221840468566 53.514447147639935 51.23941453192497 48.287290041405484 45.46479324900734 43.87817275224155 42.32944935179705 39.6971167885267
168.62745098041975 168.62745098041987 168.6274509804199 168.6274509804199 168.05671129548853 167.68136171886738 167.37330596300657 167.39170270467636 166.17443742870952 164.87791695556047 163.54003290411916 161.80420493310893 157.88804837563907 154.6792453752476 151.7610483404811 148.9980826972955 143.8170976230834 139.53943957392818 134.75340966689325 127.6377027001153 120.16002366189754 113.10126978913499 108.17212641531485 102.51151116082634 96.7258605942727 93.4288422184284 89.91335079327357 85.84573333938343 80.65441411444273 77.83344502465077 75.08370352749463 72.26826694620301 68.76320597231451 65.9804029177681 63.549824045266405 59.64962466033463 56.0440580191137 52.56973738129149 50.44197379459121 48.22643931177568 45.497117865649265 43.89497294846873 42.16098781602489 40.040977980956754
168.62745098041987 168.62745098041984 168.62745098041995 168.62745098042 168.16392159552524 167.8177443394318 167.70189388100084 167.73159354631187 166.57293190580222 165.33542187374243 164.36332485863693 162.3762152530664 158.2296785962814 154.81521444482885 152.7842672954068 149.85756328742568 144.31568923081022 139.93116247179594 136.18749735607014 128.2569081129095 119.41666432813874 111.65892054918965 107.71318813947929 101.89217611887996 95.7578723518409 92.21557115867371 89.30391915740503 83.6784113680558 77.10648150409753 73.38146496959912 71.20819217993319 67.93594128418093 64.47886021065244 62.51046265668141 61.07452176806182 57.46333367227274 54.12047576959872 51.282560707410994 50.01464425378204 48.21217953437654 45.68482425051861 44.15144814953835 43.2427963892075 41.652833416442114
168.5398930833459 168.54177087538883 168.54631429429693 168.56366160610898 167.88709788152144 167.4767030895412 167.355175798659 167.4433542741994 166.19297667366826 164.8796294988744 163.90541868717636 161.99114931726047 158.33878425457243 154.46184719507596 152.45552678359985 149.61086000094494 145.26070149456712 140.4773130748035 136.83502427898193 128.89863765940024 120.29829652912909 113.23464363207492 109.37443163029855 103.35681622416067 96.49308767158676 93.26401608221965 90.11787892164509 82.8769389018151 75.73390884533143 71.55955158223355 69.15505433049552 65.46690624871151 60.72621769353255 59.75770531593763 58.437172697400975 55.852543858209664 51.82860378814811 49.98325916705252 48.847521981741 47.34270632833455 45.219328357267926 43.63670790271515 42.76862172546153 41.84107304704524
168.50672435626302 168.50916848576608 168.17021773768658 168.24106748495683 167.67548908885846 167.22391972736241 166.76865701970704 166.86307806607934 165.65769503279654 164.27745417300977 162.93596742430404 161.2785481235327 157.91871243960324 154.22560615739542 151.93009508810005 149.26669080608582 144.98339098941875 140.46032481317403 136.95557311334107 129.95750494482385 122.23512736700272 116.23798280876828 111.2413191532918 105.40840264427497 99.08862091167627 95.86918582191657 90.83891767459352 82.71986016425657 75.77715921851737 71.47661279625211 66.99650640896797 62.61597419063709 58.61140701942211 58.404809341639584 55.65341014551834 53.600846173663435 50.31059875997849 49.429767293556445 48.17759207522526 47.121850875930065 45.386545532671484 43.9123473667578 42.82086189560689 42.47340415765968
168.49073891554266 168.1041297053772 168.11857661653067 168.19149650591714 167.62084597800774 167.00369665261462 166.675524340901 166.77648871217932 165.57049951176765 164.17404511963144 162.83051833347295 161.18651038992564 157.84734549849207 154.74831138159996 151.88624798016056 149.3374231568695 145.16173951639544 141.64193323717672 137.57270084240963 131.2862025229659 123.77203450462105 117.70288659502258 113.52554363696335 108.14599014262699 101.80188275596412 97.82409617019762 92.6048196295157 83.75208343550399 76.45794766699034 71.09822302607645 66.69697918064051 61.37291285677602 57.25859975530717 56.943707665607185 55.30561374083847 52.69473006731071 49.480063868156705 48.616502349661474 47.21360715076391 46.7773362449671 45.07511973615299 43.517957430655414 42.004288049134004 42.10457196866815
168.5003353582133 168.15314838497082 168.14731322581562 168.22017757053393 167.7491699138648 167.14972518233037 166.9903291688211 167.11657833137556 165.96176359174757 164.5957533762363 163.61542512798763 161.74602807165323 158.09645976366605 154.77383267137404 152.90352974054417 150.18847889493924 145.48077658656112 141.94866880994576 139.4555545777355 134.31769023569333 127.41596157761786 121.73299844391019 119.09580284121564 115.31337878159673 109.38916909675423 104.49867332676949 99.6561001072969 88.60651502701222 77.66118759767696 68.76610902550749 64.42515948262415 59.0661014695493 55.094616165305005 54.876322115286456 54.02325432742258 51.68582022827174 48.57391543517407 47.75161193760135 47.10089183695698 46.244458858223446 43.85206020621844 42.01577291895989 41.08658546951816 40.40176250307473
