models/results/grid3.asc
ncols         140
nrows         100
xllcorner     -1750.0
yllcorner     -1250.0
cellsize      25.0
[rows 60 to 79 of 100, columns 44 to 87 of 140]
24.459519651299345 24.346411824835695 24.23833084700194 24.014211787414872 23.352948369489816 22.996800713005303 22.842383260235575 22.874017880915087 22.058819528180365 21.193399899116038 20.540390956221927 18.875700525459656 17.22116886984521 15.20282554080716 14.393314385345215 13.315549497672418 12.304357985810533 11.85942849402702 11.227553339793145 9.904311232517939 8.589704495619431 8.047415582884716 7.629232145842376 6.984216372031161 6.692481822362291 6.836835507699625 6.805579087789903 6.497567705959585 6.342874342976464 6.428895052033459 6.422879920121128 6.328975939906672 6.316551549565397 6.371564217618039 6.3371680857912045 6.164858762076725 6.142088055275182 6.163362043765549 6.136675703498202 5.9359913017863555 5.92262434355724 5.923790728528995 5.918297726964467 5.873788493849092
24.317979682932886 24.151670159005537 23.73292751309823 23.47894194617705 22.88219691799978 22.44257892122764 21.944098282483857 21.932938070712044 21.147403240434958 20.17450451292402 19.130095727693003 17.05303374992299 15.14153728976241 13.072524671002153 12.136870276528692 10.827070334759187 9.915450900683835 10.00120763108693 9.543668728386768 8.587981386460529 7.848785012938177 7.964192947956315 7.680839553933034 7.0728999713259695 6.744964729820703 6.863005347792811 6.823476246881163 6.516665709531823 6.333745107347009 6.400844358185182 6.396720821276425 6.32369218817058 6.3136724830124855 6.357891889132349 6.332124706472434 6.171241239457984 6.1525578298424835 6.169892033752648 6.136914002894353 5.928393780897837 5.9231051547938005 5.9233509943418055 5.876926520112746 5.831935938830902
24.199272949140976 23.71579548327297 23.206791973887817 23.108215417059032 22.45076109196359 21.626094919184077 21.117750422196348 21.13987463400776 20.305357414401758 19.077285110286926 18.13776780525689 15.994841633669134 14.066440867670458 11.98699471251441 10.881613428322334 9.793796697871981 8.926385945532548 9.036367837366992 8.5948804242646 8.054881919248565 7.390752879144444 7.449039295040295 7.230113508707629 6.954606365461737 6.654094636889957 6.719267466975217 6.546693836579896 6.444849553725929 6.266486763557302 6.323785407193336 6.321152666884703 6.2599723843418715 6.252965670573904 6.29442186542181 6.185960877139612 6.135024191040906 6.121833702311037 6.130403831560754 5.9309349282068 5.920791443347932 5.916565904449168 5.875555957726726 5.821818395369518 5.825467701455864
23.980113798436523 23.457294164735817 23.09964574536912 22.513133794850596 21.3376237288551 20.22258351464645 19.706477309091472 19.336146289607594 18.437757752134434 17.36490726328365 16.49820017530207 14.280140295164045 12.389256235284257 10.495533502612219 9.726291974952684 8.732600338377358 7.842084604999151 7.997016735593162 7.822349595220488 7.389297843795366 6.7492937224407195 6.840554968176109 6.759064886375739 6.553999015508465 6.324110465491728 6.383619961576132 6.363999229970582 6.272942590791276 6.163747278879142 6.2169766818574415 6.2154319843475125 6.160012533888051 6.085848867446796 6.120726756971382 6.114547966931663 6.0709098874824425 5.923034065974583 5.920167623950171 5.917534968105769 5.909183618329865 5.871060654730826 5.828811307002027 5.823193130103643 5.827671864522662
23.492671139043466 23.066518465407587 22.650640366761955 21.608527402853014 20.19910875513624 19.044244544011647 18.448107419891926 17.572644479578 16.342891536665547 15.623384344366908 14.771405997037613 12.818242354477338 10.824991137229393 9.446916437643823 8.730617870859128 7.776693851907056 7.246418508819808 7.333239217348582 7.200805030330209 6.711844023520378 6.408085833019292 6.459901976206942 6.4081166027201 6.097495371127246 6.072648337629756 6.084767925034234 6.0643013821084795 5.882352941175261 5.882352941175265 5.882352941175261 5.882352941175264 5.882352941175261 5.882352941175265 5.882352941175261 5.882352941175264 5.882352941175261 5.874574755952481 5.871995371369413 5.870623923113534 5.871060654730824 5.822677926426753 5.803801187470596 5.795362088964701 5.801846635968633
23.225188554595135 22.7224823569058 21.92153730157984 20.59372921317912 19.099914798661217 17.85087901234571 16.83002238159218 15.560931978617196 14.305097529270753 13.797185962730756 12.784229475474405 11.291007661720595 10.045790955496976 9.4036443876717 8.77808936285946 7.88829319314396 7.301709151309911 7.359963557976728 7.236858547897892 6.762410465968823 6.417884899969735 6.459972297613232 6.418433122736951 6.1061761529498275 6.084767925034234 6.09463623240806 6.07627378681421 5.882352941175263 5.882352941175262 5.882352941175266 5.882352941175265 5.882352941175263 5.882352941175264 5.882352941175266 5.882352941175265 5.882352941175264 5.872680945104605 5.869749463305526 5.847207792002394 5.848155299143343 5.805172334940979 5.781906101687403 5.685350953001584 5.692112750284814
23.14713742692803 22.310403806373618 21.618138746474592 20.14487574123501 18.578693830665152 16.918265414931085 15.97171356985039 14.586316579580703 13.310160260838394 12.641811045532062 11.914810051955097 10.57224511520095 9.397492874623808 8.922638875516185 8.279545887796534 7.690398593686803 7.144087711497957 7.208044056821436 6.865861957681377 6.678950105595413 6.350459098868218 6.393152970517559 6.1234961752308 6.080294247437359 6.064301382108476 6.076273786814211 5.882352941175266 5.882352941175265 5.882352941175262 5.882352941175267 5.882352941175266 5.882352941175265 5.882352941175264 5.882352941175267 5.882352941175266 5.882352941175265 5.872355745628831 5.848578354388417 5.844387461068997 5.8447130389139055 5.79882573399529 5.688092077773626 5.658321571487558 5.65574250757878
23.30713970994975 22.456231804868583 21.67079388786782 19.786887440712107 17.772552461484125 15.740906863245549 14.68645490543478 13.124276370300066 11.821451566023793 11.161813690876373 10.584816256395847 9.361336918136834 8.35125640255825 8.029557129298574 7.761213898796696 7.2630771746364235 6.648104715687213 6.718423156034818 6.660101331597064 6.494808832679243 6.047233050995812 6.074270839986294 6.067670332106687 6.031189330062919 5.882352941175263 5.882352941175262 5.882352941175265 5.882352941175261 5.882352941175263 5.882352941175262 5.882352941175265 5.882352941175261 5.882352941175263 5.882352941175264 5.882352941175265 5.882352941175263 5.873788493849093 5.851279930972217 5.846987610266129 5.847903269829925 5.80730231420517 5.698362013942566 5.660291650283229 5.625076399835068
22.93021284324697 22.198321964386402 21.370143511848106 19.340478039066504 17.138878266671508 14.954666741228033 13.852919356440989 12.17721777094855 10.687162606392839 10.021852659660667 9.471724393974238 8.44066257689121 7.409063419908321 7.201901149265388 6.980155413779563 6.496040480743519 6.238055819666114 6.249797731968855 6.207347274274534 5.94062785321563 5.885816076029929 5.885955673024157 5.885546017990407 5.882895356172585 5.882352941175265 5.882352941175261 5.882352941175264 5.882352941175261 5.882352941175265 5.882352941175261 5.882352941175264 5.882352941175261 5.882352941175265 5.882352941175262 5.882352941175264 5.882352941175262 5.8582131123982775 5.849874133446839 5.844992388186587 5.845462604400688 5.725832323802225 5.666953216336868 5.6217796652136585 5.552494294900257
22.58270292628184 21.793555697952197 20.665429355174865 18.768929760823156 16.94787537085378 14.92672974771424 13.51883633474745 11.772988128408052 10.4190746700461 9.87135580502377 9.086540255511489 8.161704804630144 7.26511851891241 7.262359294750527 7.024340869085485 6.552669443391292 6.266057448848078 6.27487795640813 6.2324508504427465 5.949937601556485 5.886123989001922 5.886212651855715 5.885797732032401 5.8829860968932035 5.882352941175262 5.882352941175265 5.882352941175265 5.882352941175263 5.882352941175262 5.882352941175265 5.882352941175265 5.882352941175263 5.882352941175264 5.882352941175265 5.882352941175265 5.882352941175263 5.852813769999454 5.84364243671174 5.81672075122788 5.816309684195251 5.686079339963644 5.617542796360292 5.474781498591805 5.3818110183357435
22.543905001935233 21.470194978082887 20.539798491189714 18.606557449604768 16.761780368634273 14.685024030842856 13.233637809865364 11.46612718813409 10.108734788424591 9.565067763229822 8.814154358666118 7.94048567232597 7.067391095903771 7.110242360630486 6.74397004091044 6.5003124427342325 6.229054370244834 6.243621319018238 5.969562212220124 5.947388160507688 5.885770900004081 5.885912838755682 5.883177017553102 5.882965500926406 5.882352941175262 5.882352941175267 5.882352941175267 5.882352941175264 5.882352941175262 5.882352941175267 5.882352941175267 5.882352941175264 5.882352941175264 5.882352941175267 5.882352941175267 5.882352941175265 5.8521633710479035 5.821917066677023 5.813032307261061 5.811601080405322 5.67612903458403 5.5162317867380155 5.433008958002546 5.322007007673755
22.834415112111603 21.791544552747457 20.837343568204194 18.61590364307895 16.38588631394948 13.994334555734602 12.766912763412234 10.939555796866635 9.391167176032404 8.769610698973047 8.312244644711612 7.5013450996657145 6.593356939627023 6.64674744482144 6.574361131985877 6.362790288961534 5.959766540345447 5.963180402504809 5.9539902653904635 5.9344372856122165 5.883093492036272 5.883122767650353 5.883033180388426 5.882845559572705 5.882352941175263 5.882352941175262 5.882352941175265 5.882352941175261 5.882352941175263 5.882352941175262 5.882352941175265 5.882352941175261 5.882352941175263 5.882352941175262 5.882352941175265 5.882352941175261 5.856640588191503 5.827787244793764 5.819239671302038 5.819379239906151 5.702109301802372 5.543814145485973 5.44996401890111 5.291187081285991
22.779286919310458 21.77403636859871 20.81338237715478 18.590545162277984 16.356344060091068 13.954361384731277 12.720617446291467 10.896568975055345 9.347999637276486 8.72183635535766 8.269135929182713 7.46842368297924 6.563471689841261 6.617942257260515 6.553154094584012 6.316635428696432 5.952367267727599 5.957045173439808 5.949642415139636 5.887022178924747 5.883021926230118 5.883063824273484 5.882991480309418 5.8823724508147635 5.882352941175263 5.882352941175261 5.882352941175264 5.882352941175261 5.882352941175263 5.882352941175261 5.882352941175264 5.882352941175261 5.882352941175263 5.882352941175262 5.882352941175264 5.882352941175262 5.841065206740687 5.826381447268386 5.817244449222497 5.8169385744769135 5.620639311399424 5.512405347880275 5.411452033831536 5.21860497635118
22.457482630625645 21.40925854223215 20.452965255146765 18.50800062876074 16.648296278612182 14.534886518133925 13.0566076100594 11.291563053546133 9.933235397560635 9.38085542241738 8.649799904131136 7.810436596879833 6.949492218359877 7.004809194409354 6.669699779220474 6.418385365848321 6.203172341887705 6.222996363713051 5.954976170829687 5.888190266267177 5.885521900638413 5.8857155362675915 5.883037420706015 5.882377200967387 5.88235294117526 5.882352941175264 5.882352941175264 5.882352941175262 5.88235294117526 5.882352941175264 5.882352941175264 5.882352941175262 5.88235294117526 5.882352941175265 5.882352941175264 5.882352941175263 5.832621395418528 5.816981149000345 5.785365597419943 5.783197725686666 5.563382640552385 5.445682505324678 5.2494688851067925 5.048075518430715
22.477540556497733 21.633679610117248 20.50575042644576 18.562603665774738 16.7092466424762 14.614132101654798 13.141546661661499 11.370906277111372 10.012868486393835 9.467775211677212 8.731194986071227 7.8766136833387685 7.0105103036414125 7.064769059033594 6.855120269727013 6.445539210964324 6.22460937027651 6.242213796375754 6.151354207398234 5.888538185888344 5.885731789029244 5.885903174413322 5.884997411472874 5.882378016649243 5.882352941175262 5.882352941175265 5.882352941175265 5.882352941175264 5.882352941175262 5.882352941175265 5.882352941175265 5.882352941175264 5.882352941175264 5.882352941175266 5.882352941175265 5.882352941175265 5.832296195942755 5.795810040083234 5.7825452664865455 5.779755465457227 5.5570360396066985 5.351868481410902 5.222439503592766 5.011705275724681
22.83053873801491 22.03428455728645 21.11092215136124 18.877745606959422 16.526722249238198 14.179230509191973 12.967606516129528 11.126492622310716 9.579353098624622 8.977438604210123 8.508523768114356 7.6571397446620235 6.835225843527158 6.896716307055137 6.7943732331580335 6.386220190800138 6.146556436355488 6.163249418265164 6.134769484367095 5.887900121241001 5.884951248825035 5.885113524082631 5.884832599499061 5.882374422957333 5.88235294117526 5.882352941175261 5.882352941175263 5.88235294117526 5.88235294117526 5.882352941175261 5.882352941175263 5.88235294117526 5.88235294117526 5.882352941175262 5.882352941175264 5.882352941175261 5.8402789446373 5.80566600687119 5.793608136375089 5.793781189576011 5.605263699177843 5.406966174352243 5.276381595150064 5.0418347402176105
23.278079094495894 22.370116554478173 21.474585687976298 19.209749072761095 16.925965591918512 14.68210714074325 13.503500566088968 11.606083433750769 10.399736436261705 9.945817666455635 9.466688816472937 8.451078079544132 7.849743266986172 8.079004826591746 7.9526344541851515 7.4787309876786825 7.272097446483981 7.500356223025397 7.464502547077835 7.180190281060474 6.810877460020717 6.9866075585324685 6.97910037173813 6.792675101792422 6.448024706818147 6.546523483977321 6.532214707043229 6.413429174269119 6.07077078235106 6.10229124319683 6.095136854729788 6.053473016076546 5.882352941175261 5.88235294117526 5.882352941175263 5.882352941175261 5.832500759414516 5.804980433135999 5.79263907271849 5.792604605785204 5.556880970873761 5.38195605482081 5.248550554011122 5.016009511663581
23.373875232198163 22.490286573947415 21.411672854545344 19.47335366444372 17.69404282874905 15.831721443658301 14.806856284167358 12.964191925140277 11.642443457734396 11.274076243323474 10.92245783292993 9.763834980825875 8.859367743542805 9.050926360982762 9.028933215216258 8.440692115002886 8.0031346127785 8.248520010514063 8.16348774714926 7.8347542382325654 7.571465601348098 7.78809305760839 7.3237591203714825 7.116201618197641 7.082798261568558 7.211942180136995 6.73398403937308 6.596886711200743 6.565959165642456 6.625393850486157 6.159629454309591 6.110219476904014 6.095136854729785 6.109138266969858 5.882352941175263 5.882352941175262 5.822624199872094 5.793514986113245 5.7586846501634135 5.756317777830436 5.491584451434134 5.307183638895408 5.08597206122483 4.878350324553624
23.50558036869141 22.954751290972357 21.99684230093979 19.93935023958634 18.228863275926038 16.969595831777713 15.812301272333716 13.959182952564483 12.66306564362114 12.72514967089346 11.858390227193542 10.549637836488117 9.582267063046313 10.079966796711714 9.672795095407807 8.779822154535315 8.31461003759842 8.815685328642852 8.752350791622687 8.11482995345086 7.836856473742012 8.079955791700106 8.017517428829002 7.31729795907453 7.270844878386644 7.407406887288217 7.326261120018135 6.704285106926383 6.660390221176485 6.717593503513419 6.655546222978622 6.140391338533382 6.119071938088224 6.130612663869614 6.10913826696986 5.882352941175263 5.822624199872094 5.783206562213494 5.757708541213426 5.755229819495963 5.490213003178254 5.264025119792767 5.079828950005433 4.871882087178586
23.78717582382929 23.325937048953847 22.7610027413863 21.0753153001727 19.47896816874104 18.301084458379673 17.58756886662322 16.24390162730107 14.98698960796123 14.74805136057415 14.038971266136633 12.26866554433556 10.519160752173633 10.179740436180854 9.676990543233254 8.687016790593882 8.275052313694061 8.841816918912603 8.779570258867546 8.0784862668424 7.832681055037733 8.141031260081588 8.064963100131127 7.323660197995126 7.26777436909618 7.438893878114496 7.3353045947360105 6.693940350216136 6.64024571077293 6.7104307909254235 6.634701065877747 6.130783242952963 6.1048983995551955 6.119071938088226 6.095136854729788 5.88235294117526 5.832500759414514 5.795308437065342 5.781879118313359 5.782488903131573 5.553366869652106 5.338086416718224 5.199387938485922 4.969892882337143
