models/results/grid3.asc
ncols         140
nrows         100
xllcorner     -1750.0
yllcorner     -1250.0
cellsize      25.0
[rows 20 to 39 of 100, columns 44 to 87 of 140]
51.13554202849031 51.86196926285189 51.165647476326306 47.902553022565556 46.146325737360314 45.842743532610456 44.957153098825906 41.947675884551956 40.93925834691461 42.28491904066022 42.00468627982172 39.734899822191856 39.76731372421125 42.045137588764746 42.32676036463869 40.97515594913687 43.638582139317855 47.47620387140302 48.74220144095079 49.02475479539327 54.73941455414712 61.56581589867968 65.6607493547042 72.42806638235339 82.19563798231728 92.56555739036858 98.59605508646658 108.5815825971815 117.57700803518841 123.58762456980968 126.11661754520186 128.11663162993696 129.44689474798284 126.50736503783642 125.66307119752359 125.31024337867643 124.53207774191176 122.87571423144723 122.18358052895627 122.12808951139426 120.18078297762486 118.78518144456149 118.39759363930497 119.20087504449825
50.68130644480067 51.200478936758046 49.97866667979307 46.33984413889315 44.424856476688575 43.903968814730206 42.5303927892758 38.973343882992566 37.87828043064729 39.46453528782275 39.02631282550976 36.29478956287181 36.29764992126161 39.03602943184838 39.69134799005252 38.08856262620251 41.01949067061617 45.454296582105265 47.621727455565335 48.20696217918555 54.54367475470244 61.90859651878039 67.07592956476725 73.11479430051298 81.41778729090646 90.7819607483867 97.52802901681125 106.69430011684936 114.2861605926686 119.25406581756864 122.37931143819719 124.94052693427939 127.065225784462 124.42338047278771 123.3996162562955 123.23435291426114 122.93879480837487 121.07648037873457 119.48291272085407 119.30824830192853 117.37040345246768 115.57133616086051 113.98216214738166 114.75780086601002
49.99651553805919 49.19553729398504 48.119737345434736 45.17451720227699 43.157166226749936 41.21046391703988 39.857105280633945 37.10472846723006 35.94589783288549 36.34301378185611 35.924272230610455 34.19435962407885 34.19840002106099 36.109606106065385 36.55247959528827 36.18310178270722 39.179682100358825 42.91442783591159 44.97710040455586 46.982158069640946 53.408978486527644 60.08093774782223 65.02555482858794 72.3051373353092 80.6138847509781 89.24373431119847 95.4688759132647 105.67075219598088 113.2532365951704 117.61865721158917 120.53890967057961 124.02101525009104 126.16349357475342 122.4988796453453 121.815956442635 122.53225866328206 122.14971790841255 118.8417316181486 117.11180821312281 117.2021911201639 114.98136345191182 111.16921755066774 109.77076939554692 110.80437079715573
48.78530725204969 47.87072183369304 46.696247698704866 43.425728128801865 40.80384035550138 38.25870583009876 36.77539267108884 34.01371744751044 32.71098777653691 32.816631476756136 32.37238941578613 30.802200713217516 30.807129263073335 32.55068063464171 33.02286926174163 32.93886219681151 35.77993732665415 39.48694335837118 41.3697777938608 43.86822503600241 50.35312357767529 57.16804745616273 61.59018090881514 69.55255496568306 78.841849396484 88.04295839838598 93.85023238107685 104.5134284703228 113.04773321126056 118.28132169636571 120.92760894994893 124.18827893082954 125.82225881420324 122.30632247366893 121.67980493317616 122.47888419995924 121.82949188521214 118.382905755487 116.37776385190229 113.84677692361507 109.10892315260605 103.79528719354055 101.85090178117083 101.3432992417615
45.868571471747266 44.637914849644005 43.42664213058948 40.66524768414108 37.60994417350464 34.70442050214307 33.19446537498828 30.938931472204164 29.43428053590298 29.107623431067207 28.656177054573146 27.567934987399223 27.75332513611878 28.914455127938226 29.406101283698487 29.719471770572756 32.76770165811045 36.259581449850074 38.18585060248241 40.989703916231306 47.204097582514805 54.047272690709775 58.42488885473696 66.31826874415816 75.23503074438393 84.14947725536146 89.81579515753225 100.2380175914417 108.32129108045126 113.44306741850681 116.06053485905447 119.9264228734314 120.66194226106978 117.83105853030445 117.25117389457354 118.4675682961382 117.31959919659909 114.10334886833371 111.88936326113725 106.70751069160231 101.79616235191112 96.21692780659808 94.01187587069457 91.26686797832487
44.930468344841955 43.61735919737499 42.06527242974954 39.736432101166706 37.330562258798444 34.80180955728198 33.133346149052514 31.037605941097162 29.680041417500156 29.428299982669923 28.98247161376466 27.929280236656346 28.1069476422179 29.249780627639687 30.083311620214836 30.327373474365217 33.32642644919848 36.770133935781026 39.07617548517423 41.61036015607947 47.6198151476204 54.13763123380456 58.698337346811705 65.52375825754115 73.11463694652643 80.88742936789123 86.42659164433906 95.59995933545213 102.4324444453239 106.5383911943806 109.10211438103272 113.49139464138388 115.08182850267227 112.75502761474267 112.22389294984606 113.72085484351464 112.6420649199061 109.18472057195142 106.3903996988747 99.90459278297496 94.11137906154202 88.18432713535951 85.05664385875355 80.77922256142386
44.30551909241419 42.62208485308483 41.397149764981656 39.12873263710627 36.75082817110478 33.96118176301621 32.58401128752448 30.705203999167257 29.373736609263474 28.873349019285506 28.454775097674986 27.704379463499745 27.893557684709396 29.013344477816933 29.561447860734987 30.15778085172332 33.15537253469695 35.92246234322417 38.516206632576626 41.3944056479932 47.33152439671132 52.36457508368068 57.54800056402766 64.42086192161526 71.80655955892615 78.00297566685879 83.82402008502596 92.82821859545436 99.4740444237833 102.25354106193087 105.63798777824496 110.01472490578493 111.58170607653973 108.19545685270835 108.2427560581778 110.50084475594608 109.38448515399082 104.54234438970411 101.38720875431407 95.88058767295459 89.90397727187157 82.10993183996146 78.90824535137243 75.48783890326276
43.077964098355224 41.44037175457669 40.24271885466097 37.782993242044405 35.35067424160891 32.680780935247206 31.414952897413613 29.60014072383174 28.349036281926033 27.860963757702542 27.487259072752547 26.79836995188727 26.965089384092938 28.017403891250574 28.553648645988076 29.27141776395827 32.07573622190283 34.863034844929565 36.758333421008494 39.97349355724096 46.24795187216427 51.402596908015674 54.972817892792555 61.584601008274426 69.53399449304689 75.73208725993057 79.92100860230369 88.13672253151137 95.34247806356032 98.78718143698858 100.88766090090203 104.33116078049473 105.89322821214445 103.36855432231121 103.08642000758569 104.70692970276494 103.53889608559389 99.48923701564439 96.51549646666024 89.81229039489432 82.86425921755222 74.81908281611649 71.54246056391824 67.74594164600498
41.86628678996731 40.344530596021386 39.15375840581469 36.72250330487301 33.974613719632195 31.7602366181829 30.54712739439665 28.798778881180272 27.383412457247143 26.896170937265325 26.542174616565138 25.833009532166447 26.198262578931683 27.104490483055166 27.645256901783725 28.47003874966358 31.078988917376996 34.231823646209904 36.118953300096166 39.42295237782576 44.421590977347215 50.23623520704276 53.63110058610997 59.33441567685944 65.70307795635203 71.9311960199819 75.79626047981073 82.46006911236188 88.09055207579888 92.18205325801244 94.13973546894688 96.70276446978181 97.03152384282261 96.24340051812398 95.99275109736035 96.47230779889077 94.79537874329378 92.38116883992262 89.45453544891974 82.02406595996798 74.5447097454434 68.31745207167639 65.05005021576241 60.4701633728498
40.170612836790916 38.72983353126042 37.22915110681512 35.13223430804281 33.21812218000028 31.715025608665446 30.307450995518902 28.711761574280164 27.69569315536823 27.427744474471755 26.857500483597935 26.141346722389258 26.59156875736943 27.541800715848456 28.353870509395215 29.071950038324434 31.528750324813494 34.651569612039694 36.87519856941073 39.84866271925225 44.36472406916559 49.766460968619626 53.180542857511334 57.528755957503186 62.39769123776205 67.49143968490817 70.97929257312613 75.74311653679072 79.96437609015372 83.41091673880746 85.08746180264312 86.99880611008561 87.51843967354056 87.63522944924512 87.07498320659482 86.91612016497041 85.3753100015101 83.75737041930525 80.76084754029333 74.46017550115036 69.2276696834803 65.07250780901124 61.49444768424101 56.718661384010694
39.41568750976051 37.96945775755159 36.506243514125586 34.47777974090566 32.61458881778518 31.27501559335397 30.01969686726699 28.522055083775307 27.548698422691743 27.334242342865455 26.807002851958366 26.118620648341377 26.583451188780522 27.53273353842814 28.349048990024105 29.06938385864911 31.5102352577901 33.95880723216766 36.76387889542876 39.708330003090985 44.11341275619384 47.97111588340137 52.19560584344746 56.10331969832637 60.67502034680806 64.02617245365582 67.80764488328384 71.93925709800428 75.87383271831632 77.85642054639935 80.15436214395633 81.85241350685699 82.30891975731873 81.07548759711314 81.25441923161232 81.7713240722334 80.31699795040036 77.47848548671658 75.07086189720197 70.5771174044784 65.56840443850719 60.16828958199842 57.493397476066335 54.1163357399623
38.16127857780782 36.63399466251531 35.543709419355615 33.440363497944816 31.42346296765618 30.203179236185782 29.401509278931602 27.967517476621396 26.85125134557298 26.661659048680285 26.427042866176116 25.77971364977541 26.1788506351946 27.086755565701925 27.631831009293727 28.461319609097743 31.034112594888665 33.533519296960435 35.30955690978373 38.61061118828783 43.82113487165845 47.84035541747527 50.0701043251425 53.34697386807511 58.158458838450386 61.06731288721457 62.84683933715667 65.86526243805568 69.83007326100766 71.9318543738822 72.84496262544279 73.65557869435003 74.28275181947559 73.78511684404356 73.59977670374154 73.52835128262399 72.18464199783142 70.29042934550648 68.5191039623772 64.16550207154913 59.708549887203944 55.10144270726051 52.87051034572602 49.713061334920155
37.23971003938314 35.71370205094089 34.63042475414977 32.60371348663745 30.68292690768057 29.68142500048771 28.907927128853565 27.56585151378465 26.699228870600596 26.57172031975651 26.344369293654815 25.71154636584638 26.111044614583783 27.00548919300939 27.547745705014865 28.38855032469589 30.272830141226322 33.08607348865467 34.83470673027436 38.18476551076409 41.87860373227681 46.38111855420223 48.4453261218475 50.96912783130727 54.101491390062606 56.98377481186169 58.48264177599145 60.22523935807095 62.86368742769313 65.5354751188347 66.30387557627844 66.25382049631095 66.20609059781872 66.8708954505717 66.69986769466146 65.53151493371979 63.91317945649936 63.193161608157965 61.55587437077095 57.26611544786106 52.58526540619249 49.345858618966815 47.24404343698675 43.98573466269161
37.125522726199556 35.762605122877055 34.32965590970117 32.414046173517434 30.789930108122526 30.064707336599238 29.103314496972256 27.766208945493396 26.899959654789562 26.838115035271702 26.600890296257447 25.942348798559664 26.410692642523472 27.338754789242795 27.89259303158847 28.64534844095867 30.52487629010807 33.28558534273414 35.18121414120981 38.1839191889254 41.32739455051742 45.41853990120464 47.60930654144253 49.32961026870144 51.57010903110016 53.90071073686012 55.35553180918704 55.82111836551558 57.48290911812975 60.00211439047566 60.90245833056376 60.0919439001985 59.84285660876599 61.20107686575281 60.58103338892058 58.69072126777139 57.3276730596173 57.344452181070054 55.3401415221154 51.88156470430743 49.02311044467865 47.35866825996759 44.8866553877829 41.69647121517678
37.50007973650338 36.12341851878875 34.66861750207949 32.72919715398141 31.07712599542509 30.24016727962886 29.033265001485674 27.826225789276165 26.941738065636518 26.761186575376666 26.263648979939088 25.936467359639952 26.395072199964442 26.9738931701116 27.756544163536653 28.590841149804856 30.450386351087957 32.44401825074822 34.987812132476385 37.97669985173428 41.05476477165107 43.870546213669854 46.895415714868165 48.4221568458158 50.510010170964 51.423135710005084 53.43484887010012 53.71922764064257 55.23707902753348 56.450299598695445 57.82680419702664 57.28072426810914 56.98522233645038 57.4351357050924 56.93712900521542 55.81952878447189 54.48141988669111 53.73587811274769 51.560114730107266 49.40032762166742 46.61674439238247 44.45371789167818 41.69189153505062 39.71002557264815
39.34451327263999 37.76421664394968 36.623168219847486 34.45013321562984 31.942655311141444 30.255995116820422 29.263460340002872 27.943163054024172 26.66012116113043 26.231391982982647 25.96123725323936 25.631815393323844 26.008724349625258 26.557425930570083 27.060026704177645 28.000481301153528 30.0766125349399 32.112821815390554 33.72731931892141 37.11395919222655 41.16946427864722 44.23177241559223 45.658932871779065 47.13650210338538 49.80885777503319 50.466843520101655 50.919063147014064 51.180085308145046 53.164551955840984 54.17661005882347 54.38308418394464 53.91195761208283 53.992190534444134 54.33131058309755 54.14939457066696 53.19592646412818 51.45508676470242 50.63476669799234 49.36256518181105 46.4613902894025 42.354803738072825 39.61881028139639 37.93666564376058 35.702837142918526
39.8956459348806 37.90520314511291 36.7627782739892 34.795691873585675 32.62222576591777 30.044518644273225 29.032303666448477 27.705266257155 26.7224343451096 26.1272554972602 25.853466180897765 25.422017732588774 25.665968840320158 26.425862159852542 26.908533793225093 27.82120929392567 29.32003981031399 31.534936643695527 33.09127547699293 36.52457064829832 39.49647433968822 42.626400287713906 43.97840281701761 45.66591860946051 46.92234197657975 47.42769494708401 47.81579352098882 48.471801579385 49.236698500152634 49.91688192831166 50.0890042644127 50.04509168710903 49.4309541731341 49.38734435474057 49.1957269372306 48.719244006828085 47.305125844841854 46.125692227440226 44.815004083489924 41.38331549771338 38.136932496408356 34.837160390878935 33.13898349542157 30.48634490892419
40.759007340147924 38.65422074161659 37.412214794683784 35.66654419173123 33.388318294078594 30.45860552370549 29.350225685038527 28.042624219357304 26.971908102811884 26.29299393390181 26.003869810328396 25.564745015296037 25.84346514056576 26.610070421569255 27.06354781114894 27.851697176296433 29.241609018252507 31.29562202896358 32.761734608418905 35.77552635570701 38.186290469087744 40.87500080976023 42.26439441698538 44.078863548457804 45.49075320873623 46.03910842371035 46.46847100829411 47.33019690862269 48.31155140714853 48.962274547300076 49.07273075545559 49.19641788403273 48.58883634259439 48.39917952683342 47.86519250190816 47.44705455186406 46.01990636890613 44.5570574559809 42.65849038762547 38.88009143841274 35.48650242037062 32.063674178854306 29.961573945885846 26.94400832244538
40.39510243781537 38.28122658822852 36.82362439469741 35.37572394241318 33.120640933276846 30.24442619211308 28.99808475443443 27.94782908042421 26.8934267682095 26.146160347269557 25.79305541064624 25.53190374753447 25.79483415933936 26.18206552536512 26.845389081783 27.601836299630232 28.925967143953592 30.262032952153653 32.02759345376457 34.82383161306333 37.15057025628221 38.912444139259826 40.955804218697345 42.790602721615535 44.22487346176227 43.959023492345544 45.35079452491301 46.48493650905049 47.52017995245485 47.23872445269578 48.02934789940891 48.60904902601511 48.000903526151 47.11506685424903 46.594315174879206 46.80166625950261 45.31802478072726 43.109961057430105 40.6578847270212 37.38286716920026 33.8507200110101 29.839748372748694 26.87915186625939 24.721103627194783
38.180986048799525 36.13815771136478 35.07208729831312 33.5104837989776 31.444360905652157 29.172419588773934 28.335539186610994 27.346311797732294 26.347610835636363 25.753830047285916 25.526498249028688 25.28130452173321 25.518878363443868 25.86354037954162 26.149478099428517 26.730791191150665 28.049044559630765 29.24966829119253 30.166684451087605 32.334183335329236 34.69248123340784 36.50962506053539 37.59989882359062 39.41921714854483 41.771853213848054 42.33245012136283 43.13096625088984 44.661304362921285 46.51451362323939 46.756797649252775 47.11940256591942 47.81298142029163 47.48839709543512 46.52871099557742 46.282588748074886 46.59534794005898 44.90612308985329 42.55866004891016 40.46735972186897 35.82876778068689 30.333209275485085 25.208102656573637 22.935417101374654 20.565413157704736
