results/grid4.asc
ncols         140
nrows         100
xllcorner     -1750.0
yllcorner     -1250.0
cellsize      25.0
[rows 40 to 59 of 100, columns 44 to 87 of 140]
53.318212713073294 50.76137502412641 49.247885743008396 46.686705518243556 43.924388831759686 42.161731143770744 41.050790785065864 39.58060215985586 38.335506406715254 37.96802061279927 37.66243058635697 37.23051435131658 37.20495625785561 37.25241031896969 37.485412430126196 36.309865446107196 36.16357446795099 34.99204534996845 34.99204534996845 34.99204534996845 36.261721056064694 38.60954791572673 49.2690940302201 41.15920957808816 44.264427430390185 49.680121773616776 59.36520627314931 62.25522351549538 63.77985988649851 64.73668611167453 65.28496644459526 66.64587491794957 65.44646069013257 63.70332978214293 63.28816379071094 64.2242408206464 61.856192715071316 58.03282953069662 54.86117669189929 47.220574482772015 39.979538920877395 31.741164567172085 28.36334966084189 24.376865555803967
48.682678474537845 46.55378102746304 44.94034550649051 42.787649703887624 41.20607474193641 40.943645893475555 40.04329533848971 38.848567157106935 37.93169034540171 37.9880281664637 37.71752920106904 37.31050465170007 37.3162526758997 38.11799736654469 37.43365258046371 37.45666951799399 36.43494103662537 36.28499468515549 36.15303543096338 34.99204534996845 34.99204534996845 36.21378319944124 36.922530773417435 37.79564428301598 43.13245995907073 47.674724856507034 55.39441108494204 58.461078765651564 60.322746622605486 61.55407613395211 61.939608915365504 63.417294280105956 62.19778515601933 60.230427546841405 59.38511262270179 60.31678809526441 57.833871474269344 53.75775787894219 50.14839269006575 42.83461556108796 36.40523521569768 28.89512798209901 25.474691003461142 21.185159468522
46.727662319858446 44.72931663570987 43.08613309315758 41.398895844302615 39.953303943957906 40.01725644624182 39.254152576084955 38.449814515902034 37.62176937062126 37.607020235331014 37.46581647783496 37.22832918001629 37.230128195202234 37.27868450188433 37.874619466291165 37.065000076054034 37.59897577978445 38.301848541678055 36.666630924788976 36.197028457866985 34.99204534996845 34.99204534996845 34.99204534996845 36.26608076319079 38.069860785422904 46.69524096025421 47.66334838478689 49.731914038541554 50.346749436984375 58.458854891997014 58.91638286146786 60.95589021270512 59.666296871414644 56.76251869434474 55.88785275890776 57.29871458223357 54.79959492673545 50.11737312385739 46.76391059892193 40.133103109253014 33.80750411425223 26.235752094623244 22.60237447011034 19.30755672213216
44.198641950403925 42.44296477269327 41.49150542065578 40.00466357862264 38.62169177321018 38.795004613467704 38.532084065361225 37.88495958274175 37.15198061325644 37.18674260844479 37.10231906070141 36.91000194225857 36.976404026535945 36.991334824275235 37.04735068240256 36.97501471540924 37.97336791292915 37.615298727225685 37.70053466622053 36.269271874612784 36.24364483873687 36.15359574322988 34.99204534996845 34.99204534996845 36.375533385434245 38.89875824561265 41.94750123682448 45.5141848473472 48.14732772382116 55.10844313885219 55.36336968220202 45.222778442020086 44.45175517628036 43.535489894185524 43.2320843374353 50.902213009544774 48.45794460564794 44.738532392233786 41.89842817587448 35.12846592801094 28.929773281272563 22.11465604707013 19.450246080070688 16.502075963474635
42.866675169387186 41.67165780643721 40.79384272285583 39.26947583672545 38.200132616971345 38.351080208314244 38.15360495764039 37.342965098626685 36.888072485914975 37.04870436591554 36.98698696882481 36.46550086968806 36.238855939269484 36.673961333416464 36.689722027234595 36.547383560941235 36.47243898810333 37.035457906624146 36.40488300255573 36.38388972969159 36.88491799368588 36.33353781027841 36.16467743787026 34.99204534996845 34.99204534996845 36.17776082488846 36.68739711009329 38.19057219517751 46.52555335776026 44.2517230727638 45.20355236850728 44.39666657649648 39.79326657101206 39.56088077471583 40.94645792765661 37.77378168701801 41.18530675906601 38.81904216424131 36.14676693953566 29.991303553426 23.989656702048972 19.030960141208467 16.58842570707023 13.624724640973263
42.73866266994205 42.21600700826837 41.06905418354588 39.57783617797205 38.494810851361535 38.604917558545544 38.22997199814065 37.4279693310195 36.90610369335958 37.06273056165416 36.91079902239277 36.371396400259016 36.17004622278239 36.6048985993195 36.19893083389881 36.060246764962926 36.243373789612576 36.72804430097657 36.509464280699156 36.512149005760364 36.5101168302618 37.486592997919765 36.34506705069032 36.17235952221782 34.99204534996845 34.99204534996845 34.99204534996845 36.325359456917425 37.955058475454834 40.357901881708486 40.90875154955657 40.884359080403776 38.70030890149983 38.93035639200466 34.92591001694725 35.07378535104337 32.984139209988726 31.572189976567206 29.089305319220383 24.565392984643772 21.206330971009407 18.82093364134373 16.85910709092805 14.060479108561124
42.28172605819887 41.831826860587185 40.65718450201792 39.36924512292457 38.3165050591722 38.42511011720023 37.784026005780255 37.330898944615434 36.825633140824735 36.76275928427093 36.358908276683316 36.325253464888696 36.11029814105881 35.62675534704507 35.871516958058606 35.81092615784843 35.929145700827185 35.534300018430116 35.84218174645588 35.721719066172874 36.363070786420806 35.8290837767047 36.66621632324992 36.14609356665413 36.18289278106752 36.14217809542503 34.99204534996845 34.99204534996845 34.38321478336083 34.66371354394303 35.32320418404221 36.75310876368031 36.875347601870864 33.38366732141039 33.477589271740094 29.392472788763456 29.279719053599177 27.83989046291213 25.5617464839278 22.216448088748912 19.143215319880927 17.36969381207864 15.22089147891556 13.5808481546059
41.276867288279036 40.55594750114844 39.925244781336495 38.73013918699384 37.50891053138201 37.614129797432504 37.50504965516423 37.09186618679186 36.32151912502535 36.23356681611391 36.209490613607755 36.19066529788811 36.00047344461627 35.513266173235856 35.338897848389145 35.156447678706904 35.40453096011849 34.85099911610589 34.47692378115832 33.80055289640807 34.142328881231194 34.03463843541984 33.52486026282019 34.05161029363915 35.09763210494005 32.88869373969733 32.21542452655224 34.99204534996845 34.99204534996845 32.40677743225365 31.208454305081954 31.279441965032024 31.633425099709267 27.22805779135454 26.93281394423975 24.6910233375183 20.93692207196486 19.93043786670366 19.491069296042614 18.802746413968595 15.90074568483354 14.654506032671817 13.791737311500007 12.443999743582213
40.53707347755159 39.430106678754505 38.808535161460554 37.71983574502163 36.97930476413559 36.99599524661655 36.90440082082962 36.55953439862789 36.14116815995388 36.10140923718893 36.078421644741745 36.08115062922396 35.51858085761077 35.24164744666573 35.02994514681976 34.706374246837974 33.91157817854813 33.41109666415379 32.918366705179075 31.767905642414636 31.02907843169409 30.96121771210572 31.035614377528614 31.473758607720935 30.74197737461548 32.31841003483245 31.838484991303012 31.76459216115406 31.0851651927754 32.40677743225365 28.961795399858673 26.225741496075955 24.60029716445683 25.73323770686997 23.60689144536065 19.27928753386453 18.44740442483931 18.34782287829775 16.977438394258403 15.429838611216418 13.378457507766594 12.669576610955328 11.98135304189201 10.444074325316828
41.033864167865396 39.846755256654134 39.1622680081223 38.000385585564395 37.10587790948265 37.09559831055347 36.98808903834276 36.61969964461628 36.11492789042188 36.07114053511746 35.941955853381856 35.94073216585325 35.33047526707331 35.00815732731913 34.339249472472176 33.90477357027101 33.23312527730587 32.61814965589095 31.544604641103884 30.023874775947554 29.410453983156476 29.350234001366744 28.91700807811546 29.011683610378846 28.827469157185465 29.999168817077646 29.026193725919704 31.09013232853904 29.998427140833307 29.975543291321646 28.961795399858673 23.59199355429421 24.510780171669747 22.47436895065361 22.107498926299563 17.982804961749256 17.858191672597734 16.38423012206918 16.09997894704537 14.067162660121031 12.590384297380433 12.586419586030097 12.084206871291688 10.59136866669414
41.18569404240672 39.90377136081526 38.685260129264044 38.00297938451186 37.0946652232344 37.078447478624874 36.7404106261667 36.62330887133944 36.11137737212953 35.9657941155312 35.92358366727997 35.917594913127765 35.282696557413686 34.532136679659416 34.14204457011089 33.623251950960444 32.873361198824654 31.447489893566885 30.708325270197818 28.938967647493268 28.212859601616064 27.071079594776158 27.299934248317268 27.335758186426844 27.125241176340282 28.054304202934077 29.031220519281828 28.337672154707214 27.59173944595618 26.465975425219227 24.498225460528218 23.59199355429421 19.991944270782504 19.659201532131096 20.160115787355945 17.423657461255214 15.893038731954855 15.965545951398994 14.466911598553132 13.269387235688813 11.892115434884087 12.048445745731177 10.898780055150608 10.417017320776203
40.86886058621889 39.14937425921472 38.3882406457871 37.71671300251905 36.7659735793029 36.753247328673204 36.678893310722714 36.56551115152981 36.13251095511706 35.993350079885865 35.95254174274509 35.954073390742614 35.404372401499295 34.660873905306325 34.22088826837609 33.47862664690327 32.47044988818962 30.82179265244972 29.602443873146157 27.021097293980358 25.548974223687647 23.913797469657204 23.503823081334236 23.593468820606645 24.247559793844 25.680849608969723 26.486623886931792 24.94674994631022 27.41604046598829 26.727079620312622 24.531211344865334 23.59199355429421 18.835220536193127 17.045064616286904 16.58656124919742 15.184536917722976 13.283828530463131 13.637601927042269 11.172856543217657 10.823631280639859 10.241649992397292 10.556376874848224 10.404670213212315 10.013350760002387
40.852123598787266 38.88336587307838 38.12739428466649 37.419869769813 36.756403590534596 36.74737438507282 36.67452523850712 36.51725366908569 35.76818008300587 35.62666315718975 35.57056896241518 35.623101150817135 34.48368559487733 33.86105175131644 33.3783631350917 32.576841852782145 30.940484723053153 29.327871548542472 28.019362548796565 24.990346535459732 22.986279722389483 21.43661940717178 20.950224319830447 20.908149839178634 20.909141972217178 22.706243012642695 23.49679190758419 23.97088760937621 23.4701541047022 22.24081496561679 20.397710733605035 19.670700363714403 18.835220536193127 15.339845135312922 14.128422018188957 11.936454397346564 12.140569568546688 11.29906276413327 11.23753687200899 10.1690145276581 9.531385779986936 9.584411719705546 9.491105127077395 9.08480749579175
40.92488321926397 39.052982554407976 38.31786147500749 37.60443189116344 36.83279317674401 36.806924332325714 36.34475588548567 36.20457329830319 35.630649275306155 35.47065438359932 35.00978155807689 35.07047195381807 34.019179730360705 33.3365246777744 32.40033037570763 31.56332010555345 30.101027439431416 28.452333040514716 26.636948593944158 23.49819478190243 21.658763411203235 20.312932865588973 19.703364087935796 19.23038412104345 18.79133521215184 20.61224072830366 21.325696957417925 22.096777375335346 21.891922102464843 21.316044172231614 21.00155132033047 16.614752143027278 15.92561310414944 15.339845135312922 13.185297967427768 11.735287004573175 11.677387985886115 10.8871609712019 11.011041836174448 10.15583743068792 9.578574029532582 9.612916461429318 9.52800785679874 9.118936324910598
40.640770285486546 38.866809235028015 38.10016794536182 37.55957205868911 36.81035711870473 36.40755406653585 36.237852056433276 36.15973536179308 35.57730793330935 35.008240422514774 34.88169707263877 34.93814870424805 33.86341951987495 32.741804309867256 32.107968793016 31.241507756340418 29.730728126894387 27.520474485996047 25.993352126970535 22.75855808664665 20.848480259710268 18.83942827683712 18.196170100249336 17.99494930349262 17.49669521277389 18.916253635076114 19.430524236065423 20.907010212063923 19.686283506786875 19.244984094647844 18.196142584304532 17.431817754870803 16.252603836829024 13.764074505170925 13.185297967427768 11.193067203108706 9.96552456232199 9.860244604849877 10.26136325541254 9.862455824982048 9.490001711736515 9.52866143418927 9.185383613596944 9.086431849532952
39.72259166704384 38.31219041802083 37.79184418861443 37.31469304172711 36.65769476442288 36.29562281879746 36.198025365253756 36.13118772717699 35.631991868187455 35.06066661778749 34.91928543706822 34.992976966127294 34.0586036682563 32.91777834577026 32.26536147862336 31.316759608791283 29.69057657434037 27.301425574630912 25.629019838214674 21.99565793334702 19.42522969092582 16.85347590773836 15.94800006493853 15.56078726440035 15.21007716521896 16.545883304463505 17.030040427228517 18.058780205143087 17.722924158697364 16.90590044452625 16.36030857182954 15.337400114084467 14.787614313192043 12.348199245748722 11.66939612082255 11.193067203108706 9.43307542636616 9.484951708226022 9.485861762157898 9.425167278625533 9.091980634551035 9.124013249522097 9.08915042866779 9.00196073584123
38.72709848546205 37.923489847079956 37.456278875489254 36.86919737731781 35.95343441736013 35.77041389112652 35.6570600533157 35.56961216972539 34.600738530682605 34.070636458888956 33.87545197319172 34.0671202127702 32.8400780579701 31.590169953891195 30.89484186722903 30.12947888091609 28.20140178245285 25.79091462280541 24.12997214115669 20.74658040771239 17.83878551622381 15.299955940589726 14.368750018185144 13.463819180567873 13.304156079775812 14.331966172125652 14.742349750978159 14.890710799203882 14.958920396144038 15.320958103598228 14.029498817019785 13.470360170385677 12.842067804804604 12.07456254557086 9.960080475551065 9.76166541847502 9.43307542636616 9.04467901593511 9.005637030909455 8.980090956170537 8.718456664540296 8.899800405390689 8.87473631964893 8.761884712980152
37.96511720922578 37.793937098508245 37.16655284546833 36.62363025972087 35.78615197253247 35.56946278572171 35.04279598717828 34.94545115557941 34.069983577309145 33.420959601959325 32.69976040504521 32.81634308846616 31.45147335002402 30.02591008628388 29.052048681576824 28.40293949753625 26.579962705349914 24.273423266154285 22.641896918290342 19.827933811125522 17.568335890244736 15.482970279027839 14.55539374111308 13.200826519295465 12.42121202661553 13.087605314356086 13.282274828999698 12.685478116294716 12.176824349997773 12.517745610801608 12.403994126932433 11.73684121418297 11.18642151596225 10.761411695084556 10.187371180012633 9.766399640269672 9.3465233571031 9.04467901593511 8.709412303138029 8.649054028075982 8.669193835311088 8.84605961493471 8.819352008445152 8.771600935298844
37.49680953570367 37.17145253841638 36.69591638237302 36.47692165043137 35.65362574717698 35.02961292083761 34.72209828802061 34.74721466382166 33.81940803439539 32.68331859388438 32.031936077982 31.895456926291327 30.422908806176146 28.577577988700366 27.412008628219365 26.921888737083936 25.115286557099218 22.672190092969604 21.264365506873666 18.95995955012172 16.774886614962952 14.447890660684044 13.60967123052774 12.645002106274013 11.845214205379637 12.270304504963452 12.078747289522411 11.689298264181417 11.156531688547954 11.473136290560305 11.232494676505917 10.863779286834816 10.742878129741888 10.719353922790754 10.115255760809093 9.748983186627347 8.771983001775398 9.04467901593511 8.351688827246074 8.628319926818982 8.63505709748747 8.607985833817967 8.771425352637001 8.76592465450077
36.878949267656786 36.600461184316714 36.445876661009265 36.29710342235541 35.526063858266944 34.89728634150587 34.71635902884875 34.78884137056432 33.97424997589129 32.74798503551983 31.88480588124429 30.50476830408124 27.898196097284 25.37957007139392 24.230836740078594 23.300403872984194 21.637251486948756 19.915109830628595 18.857284052006825 16.701391881389707 14.818410242222201 12.977948287991468 12.283521722042385 11.422195713916517 10.789103569490589 11.13404669027992 11.116436499840885 10.716738053644724 10.201202400421495 10.47652317759112 10.454248030577444 10.14991462459504 9.902783932807154 9.985822003887769 9.951432625852968 9.159137362912697 8.671673653792368 8.626798635867997 8.351688827246074 8.421846196662377 8.322607263503862 8.593206594304846 8.764053459183922 8.691145484431734
