results/grid4.asc
ncols         140
nrows         100
xllcorner     -1750.0
yllcorner     -1250.0
cellsize      25.0
[rows 40 to 59 of 100, columns 88 to 131 of 140]
21.513286006210038 21.283211836740158 20.08342111651843 17.027934088162137 14.129345533928502 13.542739293825356 12.85860142887504 11.322159124815846 11.090778124115777 11.777826626346991 11.747650267217715 10.810202051992038 10.974429943600413 12.04599517824276 12.653330530547539 13.322868615979774 15.197380442242222 17.211355173299356 18.08441247403332 18.47408578136896 19.642738486051066 21.050411965449 22.137121963981155 24.83785055985341 26.155869304668094 27.593791931195533 27.908817042723342 28.098741605089494 27.024368492043646 24.237852062256508 22.60494820289166 19.454044566496123 16.806762928646286 13.457775679688647 12.104478643693158 10.70324458643082 9.498351053185694 9.303438988236383 9.084025753393881 8.647652442049132 7.6841831614945315 7.139721772303584 6.683122830467728 5.686657848356467
18.251633768155482 18.70276536774047 17.741721259833664 15.250606044786018 13.037631640711973 13.379223809108513 12.907093338761351 11.45116984059374 11.214536454546694 11.857564562768378 11.78474309159745 10.87316791414985 11.079880198470882 12.066965111167006 12.415461968972444 12.146395600844949 13.213976969204065 14.664924311127562 15.228946875272571 14.848218781578167 15.868726862476757 17.60065441669967 18.712366740604427 21.463135586380123 23.038308563040214 25.03397849021135 25.507557880071356 25.971350852186156 25.139653064777292 22.48755860275088 20.995695151992322 18.39377683536121 16.47701443107752 13.586922276886803 12.321368155388354 10.919749785735789 9.51656640737742 9.26891201832245 8.982866899200328 8.515520216406541 7.410760428091368 6.837644601772843 6.321957706267733 5.464254947337072
16.495707110182966 16.82749155320596 15.5771625855936 14.250007757993167 12.166758124244089 12.407104728903024 11.691679511272683 11.138616017018828 10.943699964150186 11.162671655031083 10.872418289690284 10.62767956542194 10.799279496242292 11.216629496809981 11.525824287888248 11.358629316047134 12.317721830617893 13.08369390385361 13.554439956207009 13.301310077709712 14.262560465673134 15.601170335318953 16.758081951144167 19.82192923308045 21.423681193532484 23.451566591467213 23.71875060788876 24.68394732669973 23.924983895068706 21.34873641922019 19.699466755826652 17.735707546716387 15.914116370611495 13.119421772792512 11.648091362462825 10.783756971009947 9.419561612117093 9.162988499274462 8.579844949539229 8.473761555119063 7.3771150246352635 6.8012470815217325 6.231732221443236 5.44035318394263
13.794004777953129 14.215845141967016 13.767761582958046 12.648220957835631 10.62571562366719 10.882623019012854 10.756345572386087 10.323221783124467 9.932988335958203 10.112796245798044 10.107968028337362 9.888096164418416 10.057367001673938 10.364927140020193 10.470127139620125 10.265211191574727 11.088943088829149 11.68373312417824 11.908669746907538 11.60858976463766 12.449041376632191 13.632910633583315 14.68796656843049 17.50610960776722 19.13714077698342 21.312184717805458 21.950812156885345 22.583779322924094 21.636049921550995 19.54704201478634 18.470810830786125 16.5113428970483 14.502985690762152 11.998639569539655 11.072230126666387 10.324676406480615 9.004390591359824 8.771316716182435 8.603013989093533 8.52800622965526 7.551814213416244 6.991940992494243 6.545956348871472 5.623640916676522
12.02910489955445 12.189315556830364 11.820674417163044 10.439001561077056 9.46120456011032 9.53522927781843 9.459140183173341 9.003280539621482 8.912979220687006 9.180627936943928 9.17357949948951 8.895057877681486 8.799352179063055 9.195795421677012 9.250422520451485 9.205835086160162 9.511630439608377 10.126882409843823 10.288366631700574 10.20352867623443 10.609883197742686 11.701813402907742 12.677476124667413 14.81704367031244 16.590081474550104 18.338025354219997 18.95387320193734 19.099586493343118 18.63205741858013 17.25364043497628 16.295218673784323 14.421336771712483 12.902762005383558 11.080618912798986 10.246353992362293 9.356102950198219 8.598090160816785 8.313241415023699 8.154637823153287 7.908304476627456 7.26857603703823 6.6621421076120715 6.225321436550371 5.318420953620504
12.280729173472174 12.356402808788097 11.97963985961763 10.587393121027018 9.470917828458758 9.530220961774463 9.438526865692356 8.982137315388806 8.910167350730534 9.189402573926428 9.080101171419793 8.790114344175977 8.740232020813893 9.123135321181799 9.022187325561683 8.987883388103326 9.406395129386814 9.974093261258187 9.994413571156759 9.963056623413587 10.462913050246124 11.434921353315184 12.074221599164007 13.132962026963705 13.667260291837257 14.656813935064445 15.077364881931137 15.03555719944518 14.875265360970458 14.1302582556202 13.426265389022157 12.131735574593762 11.559690309105093 10.57065305099314 9.922602063580202 9.090914856742627 8.230642787209478 7.899688114306875 7.733212700807611 7.475200155623635 6.726563866440774 6.091665218877332 5.674255833254713 4.928240718864138
11.940002499569239 12.030953076103085 10.901337163232407 10.447436501770762 9.369625352941474 9.398359085880593 8.996276019691825 8.937622755697442 8.871226690059911 8.764468154372638 8.742579159550013 8.734331859554542 8.667277058775124 8.50929604972199 8.825327863367066 8.758027975014814 9.133215393977684 9.11267114670441 9.515944505370841 9.46804241530808 9.89585566744106 10.286918405097397 11.025824197144072 11.865006808861178 12.290981018406299 12.93043369389089 12.945970852244619 13.240905743388746 13.109047448755556 12.4084120219843 11.592171618548429 11.029839388775649 10.564335255192942 9.665447935284096 8.85654473368141 8.643727246967298 7.834065541669182 7.485088462913248 6.983697174271691 7.149487005091644 6.419031509373679 5.800734341652208 5.304112377139726 4.7170610825836095
10.535824627995767 10.648390673787183 10.470943077043927 10.066854207949849 8.923334349515812 8.929321529552178 8.915179703915857 8.867197582988391 8.609126127843458 8.48757196404156 8.463971922020127 8.478112100370673 8.614738162888877 8.436955522963585 8.328787269045948 8.13642175476981 8.539335856175382 8.394895046898403 8.333963629348151 8.156821999297444 8.688168433333246 8.993087673357762 9.272200352691707 9.813860059427487 10.139131991318955 10.739734121995168 10.9392652682674 11.022917656835952 10.647428218485599 10.208632978313691 9.921884439965284 9.401361275907076 8.776509912243665 8.140088549146048 7.852226538992627 7.649290351974702 6.80237085594557 6.5513779823301075 6.45725365902425 6.556322377564494 5.894853649660614 5.393027915477945 5.053140403970425 4.396199881857996
9.864710042823136 9.908238242744547 9.767276327150649 8.868959215838537 8.613428885246671 8.587533039853517 8.578144576916111 8.590683896753205 8.380296028558336 8.290206022909986 8.256865240696145 8.296415267966417 8.027207835511042 7.815091481411477 7.675083315302173 7.415093029007717 7.120571892252815 7.0992221887733375 6.991303849231588 6.7789690005436345 6.701063883021718 7.1066659831939845 7.309337564590186 7.569286709467345 7.853048388431999 8.339570032097567 8.497985147902565 8.430703576982651 8.314255544924826 8.213501749146483 7.996149703780192 7.530161652046165 7.1820555111022 6.935235420522479 6.71058121026757 6.160307125140355 5.9056566373897414 5.7722880303344555 5.688905119082042 5.416251261418343 5.139931564316909 4.758088894922314 4.442748966193356 3.757274944100434
9.958108582640246 9.983300397049158 9.787506766859366 8.837234595171989 8.585504715193185 8.553115535040536 8.414337393156247 8.42952960642391 8.27343742147252 8.166148668305203 7.993477210018081 8.027472484955293 7.793888830347379 7.544011256520178 7.235856698304855 6.889932086388314 6.5712709040095305 6.530622924869844 6.306860941965375 5.99229319066935 5.86219523913305 6.2815672742006186 6.383477232189666 6.241123335216423 6.162663391006333 6.5146448795436465 6.609365731890275 6.398295441163022 6.355276461635347 6.517560002547098 6.379606518458069 6.013324336130569 5.920651651560687 5.986592666197043 5.826007639508818 5.206454911061154 4.924686842751834 4.858783318460625 4.7761885602653145 4.399229304774786 4.085048453753245 3.7920556018800706 3.5278686035387765 2.9935281052470697
9.836953067787611 9.818972932881625 8.882871145026884 8.821938628771637 8.573020841663752 8.410282474854414 8.370298182673901 8.373212500418976 8.204447852294713 7.952179598512441 7.864673436770199 7.880306743211379 7.626453744373269 7.215064410779933 6.961972776594427 6.563558550311383 6.212196852254591 5.608657715996885 5.72704333253108 5.4254382730534605 5.255870016411327 5.199188513457328 5.477876613921536 5.3768920497611195 5.258379953481709 5.415970526538909 5.459862139276238 5.3579164745292065 5.318890953619463 5.395043388367527 5.325392347587958 5.15345854801256 5.095755882241967 5.098644491360629 4.645663174726637 4.564475311349911 4.303861355738182 4.220095945572518 3.7973621849376915 3.833605381773793 3.537274546531229 3.2829888879320146 2.968032660957776 2.6189723594748773
8.931586528139613 8.879055149537367 8.840029016326689 8.787886263250755 8.582613366817505 8.420285133557414 8.366482999376894 8.321118934667258 8.11864483274886 7.831825453745244 7.719873169889581 7.669953439775819 7.391181540656884 6.9609119528814025 6.663143454959975 6.072494673524502 5.526297994765651 4.828568112438766 4.516743105933146 4.107527387522983 4.136287907202208 4.074770291587396 4.0153599556013315 3.8292439190766467 3.9205034392397433 4.118757021902592 4.13597478170781 3.9569153759762163 3.92448938806652 4.085463811138328 4.051909957939046 3.845877227279658 3.539573246714347 3.617858077949452 3.579814530057879 3.4483134485718563 3.038381632734895 3.0252521372781898 2.9939509316625146 2.9571042587768637 2.6572246857180866 2.515422070272598 2.37271986422585 2.038866663935196
8.860261456336492 8.854132443487718 8.81948481510224 8.61372489868611 8.434069620112236 8.336659165309298 8.268386878860444 8.176864494772545 7.791713864759723 7.527163185750739 7.389667021489108 7.272946141062935 6.8805797977359955 6.50896076417152 6.1951797967405335 5.489117731657712 4.833533768273207 4.312244998054183 3.9940016779589746 3.413293900296304 3.0525114606244155 3.1398609495640124 3.0522795495865616 2.7065285986041983 2.5043419585424247 2.7655128391586556 2.762295351487866 2.4936174060040224 2.3687689103167227 2.600775364910791 2.5888279629410524 2.341119119852404 2.3277574317432452 2.542365998530529 2.5233752929608024 2.2133689078459353 2.1670844760062296 2.2669911161207503 2.240297677944674 1.981129949878615 1.9023026003743113 1.8804830497169254 1.7623284264487415 1.3999417261776028
8.86050934293002 8.849536831287768 8.752552685955735 8.531447325847223 8.35828342269382 8.239187860251551 8.01800543255089 7.8880972471134045 7.514734951025094 7.206345759077082 6.9814023025295855 6.784138691278946 6.330096953664906 5.949199564444628 5.614752983540144 4.893588388178176 4.2469705122167865 3.8483305378023616 3.480290512982866 2.840306191008408 2.472313249004585 2.652569475485793 2.558520811739441 2.125230317134736 1.9594764340186472 2.298658357763029 2.197156706899431 1.846245820026606 1.7993956052369218 2.1169433427244164 1.9866009696382103 1.6645203976895409 1.6539131642999267 1.9508028505083805 1.9344272017660118 1.5380911269293185 1.4869042926169977 1.6661203058310865 1.6406629131229393 1.2886233701773868 1.2032914909105499 1.2743101481596948 1.191788887356658 0.8954393821381925
8.8352165131672 8.76429446143086 8.520222504065094 8.517516545403643 8.332693163887562 8.068003630805281 7.916243146587525 7.739023865213615 7.335565802856867 6.93350742754859 6.659269701821247 6.395932159592429 5.919492652022139 5.515712730485965 5.17203874883307 4.457375772162361 3.8199830461882023 3.248926230501676 3.061426046169482 2.5026804984286586 2.141343122968682 2.1366463335938994 2.112712570163802 1.8011234902420659 1.6335223019920213 1.841229021283082 1.8163737741534551 1.4960117833859152 1.446183130955049 1.6341393935375834 1.617068704235947 1.3051249920552184 1.2972320124794061 1.4694158557788728 1.3697909739972989 1.19660562095308 1.1488535765375913 1.296496542266352 1.1240260874834707 0.972050441597607 0.8957591338434123 0.9833792709345349 0.8216454312416407 0.6842597458576403
8.638330907602308 8.557670438652352 8.535545737121343 8.536555181246642 8.373188041454524 8.103034036478707 7.912439504471548 7.558105664520524 6.995943857826531 6.46681338767987 6.119391940993056 5.605924355014619 4.989441212183458 4.561155683729801 4.223484730554642 3.497797215726297 2.969205439815058 2.5688207388746247 2.342260717421964 1.8299124692090423 1.5998652226798455 1.630846973099374 1.5454302204413237 1.251060951707893 1.1558846342116795 1.3434641324479282 1.311993464391205 1.0100714791404544 0.9642776508879166 1.1326830970889203 1.116372209426459 0.8361784204718586 0.7627535938660276 0.9089326808609914 0.9065163930853677 0.7560250739316702 0.6668420573677039 0.7914309777744524 0.7853446689465823 0.6512469336029635 0.5285802129965071 0.6113688575826336 0.5901473938686483 0.4777206544149745
8.592221774603967 8.553460016898285 8.529558253503847 8.529204842924019 8.258503453341909 8.060368847910542 7.850632404569853 7.3397717104406155 6.782747883832672 6.185788196468281 5.807562707413648 5.0204828384745985 4.468764805361362 4.084336226779014 3.760917071386342 3.042049572433761 2.4507490120627704 2.3947304286893965 2.2058495898163133 1.691179368801297 1.3130916827638799 1.420931346110645 1.3275725649176537 0.9733551624991412 0.7787577111400873 0.9226205123813431 0.8704633523712286 0.6357529006860918 0.43408771613464353 0.5487724159001987 0.5319567368047922 0.39099220659759343 0.2968088613921538 0.4061236225435686 0.40595881485408203 0.29638628651495946 0.2954557338571204 0.3617962237988012 0.3569680063381163 0.250563562317332 0.24534203661848267 0.28156997270045225 0.26951248154753776 0.17250069135894372
8.569359534331694 8.527761976054393 8.483283934571993 8.475116112220611 8.157523686890015 7.935992697137865 7.659803866394689 7.077275082108304 6.493315069244271 5.885180971668728 5.4426988362617115 4.5008449889709405 3.92085076790784 3.647175834849475 3.370176946785706 2.7386500683195174 2.3208362882534277 2.57049188502989 2.372018109381162 1.9249365102315452 1.6543341224028207 1.832594692884972 1.6348091903992492 1.2512110863345345 1.1064736026971305 1.2197082323236672 1.0098418615098803 0.7469397594278515 0.5946116728586397 0.700252883858445 0.5544751834297189 0.41627109733715656 0.30018218399847135 0.4022266661697336 0.40077606780027003 0.2984163917142432 0.29725983095242786 0.35352126630764213 0.34918942185502955 0.24950855400656924 0.24520797564888633 0.2737974082900978 0.2641690430530845 0.1721472807791163
8.567916341391868 8.51005308958609 8.477987413787593 8.467886838528385 8.142388532003903 7.874295860269536 7.595881244583168 6.978169219370125 6.377328588458481 5.766929930693519 5.237923014508838 4.250349942439429 3.673146425814042 3.48865733565106 3.2282424416832347 2.6906195207875165 2.323363854874271 2.6375891621354994 2.6077113256842868 2.2663818885330795 2.0162590021058104 2.1252978540280862 1.9157573629115168 1.5061520583068353 1.3307226503995069 1.2918713880300106 1.0950387044913765 0.755522503475307 0.5851657578820725 0.6177405120485515 0.5779440762086518 0.3808227344453863 0.26072908732336103 0.29650868977775185 0.2961253651401166 0.2587231645753233 0.25752811866844577 0.2933324821354631 0.24758503879336316 0.21460505918327225 0.21156257219277497 0.23739988803898046 0.1739435582285745 0.14824551738467032
8.588732445742782 8.533066021575364 8.399015316321536 8.398017594196313 8.223239018525115 7.957711084013237 7.665455029739515 6.952286090766899 6.233187607727843 5.515173060325208 5.000552579530108 3.915973396557862 3.1976640199045443 2.9401598806615725 2.815108532603568 2.61754611658209 2.59787726953672 3.1173022106825767 3.2681866240908994 3.223988915391866 3.0830564224516346 3.0868455694597055 2.882898355789147 2.269861661550418 1.6901138795438002 1.235608821183389 0.9667695896750306 0.6099136285451927 0.44975146707800284 0.477219613822636 0.43670002433177574 0.25336454575159223 0.15038818389789343 0.1796404210373091 0.1792587004347174 0.148515263441541 0.14749166201407027 0.17671225237626226 0.1767122523762623 0.14749166201407027 0.11297308854017293 0.1337891928910886 0.1323459999512596 0.10948375967898867
