results/grid4.asc
ncols         140
nrows         100
xllcorner     -1750.0
yllcorner     -1250.0
cellsize      25.0
[rows 60 to 79 of 100, columns 0 to 43 of 140]
242.36004260244428 241.1207619117515 240.34170578335076 239.6408036929241 232.78539032735063 226.90586955303348 223.5617922027603 219.75960068366 210.54293742518408 201.78490984882612 196.83778632154508 188.8070427564297 178.4569206242185 169.465592201922 164.58304164598212 154.58126996057197 146.69096703490467 141.99978049068628 139.51765416317406 134.77608715692952 129.75048942135766 129.72171719275352 128.70718359934642 125.69987261562484 120.54520608065333 116.67776840768622 111.09812633267639 97.24319219411218 84.24316315993332 73.28476558427187 67.34404899821511 59.55080756217601 54.50950083396449 53.79367121529865 51.91978233733123 46.698446173434874 42.23681637254372 40.94119589847771 40.0688133935874 38.679939518292656 37.87174033692552 37.95349851225426 37.749967945458344 37.01480668619164
240.34815317247828 238.89118075242934 234.96433054148235 234.87437644631316 229.31942505022576 222.89287590163497 216.7232967644856 213.44250720639963 206.16278590975858 197.24565852695585 188.95802514776972 179.12128979555237 168.18410070986812 158.60325141617827 150.7919199184417 137.60280298280676 128.3029191357751 124.81138349100421 121.6352172855137 113.76941358459459 107.98184316218823 110.66742266571217 109.0542202603196 102.95959624687985 97.4429716611958 96.66215539319258 91.62437334271311 80.38249277633194 73.258087270252 68.64840104454758 63.536776902009734 55.58257105015706 50.64595393587495 50.89309114651202 49.08020527050837 44.46408550883052 40.784742744974764 40.71820861726046 40.113318779968296 38.82121398213215 37.909990096000044 37.941331335305186 37.451822788778934 36.7290439836529
240.00230913594882 235.55712392831916 233.9113077044682 233.5324450783865 227.70366364890316 218.37344840849573 213.18524749315628 209.0135641363544 201.40977047726534 189.6606054671178 182.26238034859344 171.80373162781066 160.5618273035792 148.58013712866105 141.94661788054256 128.9325042872814 119.48487712889603 113.67002339074043 110.56751623120543 104.50283723805323 98.71418668815603 100.94984994292308 98.07328121665408 93.93230021396117 88.63878776457379 87.963488472932 82.50909147371432 74.19844620247216 67.61840376229384 63.727664459720636 58.03666924579885 52.85348346051721 48.24986886141056 48.60945571168267 45.33604791850562 43.27381157559126 39.79089475924603 39.98235017998966 39.14591487835922 38.53893605707525 37.68865335280062 37.43481299946192 36.792673775033315 36.569594409954924
241.5587178409465 237.4341391009376 235.80703033076892 233.70021023972294 226.64580561298115 216.44247804653557 210.23610746503147 201.12791967002838 189.2639008755219 175.5072371903546 168.00449014532342 156.1669984523992 145.40802640330992 135.28577422090237 129.38501338885848 116.50893672744634 107.66473423715985 102.28882811170111 99.36345508844848 93.82652048862063 88.98278402707936 90.9277924076432 90.12631189094445 86.52602490718233 80.87118547977371 80.26891768911791 77.31059887058694 68.96019586787962 60.546256392592966 56.07087277736072 53.03688367680011 48.54367298899836 43.41763471429527 43.87894414103872 43.176827732114745 41.40938304257832 38.369872309194974 38.621189200657355 38.45597194455749 37.97136957181896 36.96549852096128 36.7257238826736 36.588287948079504 36.40424922635373
238.2139229935038 236.40917096310974 234.62686389762607 231.21557250068003 221.24619297624622 211.42919873532267 204.6337430892954 191.0844688307296 177.0455535173062 163.86197062979707 156.03987160138527 143.41636495830593 129.39091232490753 123.9608722072423 118.30101601627256 106.86512163179344 96.04107899794036 93.27792146316892 90.46363493839063 84.96077979727039 80.85665656844495 81.68077708473136 80.88244899828962 77.40875266599151 74.17934046208067 72.847706665587 70.1513317654622 61.766626111270554 56.34599798141486 51.32466371599019 48.593545943679175 43.53448855014593 41.69436161545345 41.95520182605935 41.37011390799687 38.41182219059285 37.30725430548333 37.40926491223532 37.30532036187861 36.68095901631219 36.22794792996513 36.112001966967135 35.98853188816209 35.638155833951316
235.16273240447205 233.03707949815197 227.9963589468082 224.38033135599537 215.00522424544533 204.32130817096112 194.27443130491463 178.60267671623674 165.98035382928532 153.50792532214504 142.71750498780915 130.1919963922338 119.1392406361295 117.58865569087953 110.66022966747273 101.25870709774482 92.82074251333432 92.65042207386615 89.81442229819213 84.66040417651818 80.22017752692123 80.52216605245869 79.15050441509223 75.81297281701566 72.36912099249581 70.69521909469637 67.77133350900013 60.40567697333728 56.188803131006644 51.817983208116146 49.186944046548945 44.17210063162197 42.121050034385604 42.25453086731009 41.68211546644475 38.619807077038665 37.32939436103954 37.4118256924547 37.327778795216325 36.69891855279531 36.16433461547369 36.03140886503999 35.60007856853641 35.20958749442803
234.74041252258823 229.57492339375605 226.71769004175766 222.7114256972627 213.0283376473828 199.20514670496925 189.92702075390986 173.10245200008484 160.25989713311046 145.03756483135373 135.7819601572553 123.38398131783123 112.52236945074034 109.5092837862626 105.40267105015468 97.50713186942085 89.43413364423219 87.31809080411229 85.42232760286888 82.5765783388523 78.22045648864197 77.70281178248051 74.8586230286714 73.63504501146046 70.2513298954599 68.14771189893813 63.86573179392476 58.89028355899249 54.800230757033894 50.571228620871835 46.03305054493245 43.59367705972025 41.642130615013414 41.795881511204044 39.03902672378633 38.463397899834334 37.19644808603372 37.28016922259608 36.73471374891432 36.64862130587287 36.115357615793 35.690355421322025 35.170789774003175 35.14341628732101
237.2415184415507 232.43707546701577 229.54922609128414 224.12860683575192 213.50033617154443 198.72910146119236 188.33415884556825 167.68973435055946 150.17406444496064 132.0293731400115 123.09082932648569 111.00723920381287 101.63388551795458 99.84335285067371 97.04108264670327 90.13040258050316 83.5176134244818 81.88440422211067 80.33412267788427 77.39188054768171 73.17855664451665 72.1745754083161 71.17226323061593 69.64177465243934 65.26987987594255 63.32096315336202 61.26168315746128 56.12022035202361 50.40997354072357 46.123813027687106 44.23848309356054 42.035425992692375 38.71315205337463 38.78928889559312 38.531817395090734 38.00352518103275 36.58683074921047 36.63921697071005 36.62505672665343 36.55209252638585 35.83545139222884 35.40762186743775 35.27247174949871 35.27159967611378
233.90741803560655 231.43573720760955 228.45311657886128 222.6762167488387 209.66860407622605 194.81363499695175 184.04994101633855 162.24130697948996 143.28216215156803 124.30243541327565 115.22719549184772 103.50072318111457 92.2430504605616 91.11629839367957 88.57988203154189 82.83351762454704 75.79757380245077 74.1886049417044 72.74424466892683 69.06280066305365 66.26009129300608 63.90097194186066 62.839294271940794 61.05273076003823 58.9525936428526 56.653064106736196 54.7358243857577 50.642881702159194 46.484180925983374 42.58295999532696 40.87557385879869 39.04150679267195 37.9006415508232 37.86608140460153 37.640476202048426 36.91702393715832 36.27576841886009 36.276327445609496 36.27410098037029 36.266293797489155 35.61670017698052 35.388109310145055 35.24483356959413 35.23791519859668
230.00941991097358 227.2731300746683 221.39621502763393 216.57473830273005 205.11674976616422 190.10739569304405 176.98196254791966 156.71119535319167 142.70532394615276 125.84776471171895 113.67325348230676 101.62894742054907 91.21533777815458 90.95607607934882 86.23271040555743 80.91335377626348 73.99360970162687 72.99973218157287 71.07070286043178 67.024798238875 63.9145612924649 61.3231243755345 59.792987037857024 57.449452935235556 54.97173369058218 52.90387304120812 51.19508201040137 48.00763149066429 45.17105970698956 42.54425194283749 41.115579428748376 39.34993089051889 38.07983540720108 38.01992049385406 37.78884398893101 37.03181013345137 36.28351964169561 36.28399752298277 36.27662165688829 36.268342117589356 35.49151126696065 35.249739978978 34.78880236082112 34.7530752809784
229.81652756515282 224.19527181112932 220.79448432669255 215.88675551641546 204.3218577819842 187.62814385413762 175.381273034914 154.85569301281205 140.78151925882568 123.13870310322287 111.2855998253092 99.29782898304691 88.90723003980698 88.26322949334126 83.80211249419489 79.24380204200592 72.39611588007298 70.92073550778592 67.64483638594693 65.4654977395821 62.313994904775214 59.51860234609168 56.664717747629176 55.41154667294047 52.95093659381125 51.00978867439025 49.09832753517363 46.72431314977517 44.04713907800873 41.784455518620426 40.220316422881176 39.146420505691076 37.955450674370596 37.92430211412276 37.25148531196002 37.01540887236738 36.28365953314847 36.28437964369959 36.27695249320996 36.26868393351364 35.48962457924987 34.95933764936063 34.75931361462525 34.713901205774135
233.44825285501983 228.32005976735678 225.0043658338005 219.02836771909213 206.97357882834464 189.8494465366137 177.97484549453705 154.5950181947666 135.26163078958788 114.7154105596112 105.22119926384876 93.5892117350645 82.97041034136964 82.4298002857993 80.56504816463453 76.15018721388881 68.83774088029216 67.24176435305425 65.84969746705586 62.972925312941534 58.66121572991665 55.4644393621596 53.9595700178806 52.218985515261885 49.50005411030422 47.86626250713368 46.69373116549895 44.49572804481488 41.94603862607746 40.209736843165366 39.42464665842 38.52779686305493 37.22368691382031 37.21963684794511 37.092343053317755 36.87774932124684 36.276297062693594 36.27742071960664 36.27522760256312 36.2671928206656 35.61487938083314 35.11325803041447 34.93407344444312 34.93585336498089
232.13782388285247 227.60469474961235 224.29767750821253 218.44588399788103 204.41730183007286 187.11992834926684 175.13958130124323 152.1911859398424 131.7903375667623 110.94121186992511 101.36745637260181 90.08834953093447 79.46944943067423 78.71906836195645 76.87835495801855 72.57724506154584 66.19065063424165 64.78557147337948 63.37884781045087 59.80176241682433 56.25888645037187 53.11552530777979 51.58294888125424 48.9972486522203 47.07528487298458 45.98004046168815 44.943568588917316 42.726395297145366 41.032563792065346 40.25005591865673 39.608799523611374 38.39720131261467 37.88697233052671 38.03167885514612 37.90371108973927 37.18847972567034 36.59445750263469 36.64856609283544 36.63397512093806 36.55539442351746 35.56282032279476 35.10898637555662 34.92778489888689 34.930761438812894
227.98794437539894 223.0010466381802 217.04089473293953 212.6190877687111 200.49812071984897 183.3866602314484 169.81720850819974 149.79268034637659 135.2611178546372 117.04287382481209 104.87984039463866 92.97691045484243 81.83877908189758 80.67334867447708 76.22766948706976 71.44675444755661 64.09662682141874 62.63582633607621 60.636392694251754 56.99869370969041 53.9862821828273 51.28828189951738 49.77628405163619 46.8629220490354 44.90119182173752 44.29563094817747 43.33778413535884 41.57214566819163 40.43565889702367 40.51741824620642 39.95203052874101 38.787293997590396 38.23717451343549 38.38004623936574 38.243904537657386 37.47477946722982 37.19046655810821 37.27433697410472 36.7467203798312 36.65380161245356 35.78354572688588 35.32626626912888 34.73826390465379 34.68981704306444
227.95884025028232 222.2636068923668 216.94687357471327 212.5288356448341 200.38988142502333 182.97081090709145 169.6249218818278 149.60280914038194 135.03027173297497 116.69865360231364 104.37034430790554 92.29913007821119 81.05493824648065 79.27033519403955 74.77208927516283 69.85758769288023 62.42173265291373 60.363555136128035 58.33295543325324 55.1875480425681 52.2035094868723 50.15763172208202 48.11081710613298 45.533185596551874 43.65600329034978 43.60204269500257 42.526590859089495 40.97399196698197 39.95906979424477 40.26370894620435 39.53980317953939 38.84608796286786 38.345493084241866 38.520729632689914 37.915567644609 37.62014574808895 37.328335498718 37.40862964498961 37.318108056598085 36.705441089003074 35.82433505510664 35.58013743884465 35.14051338952002 34.713222552283455
232.06580253531993 226.89714356086938 223.57123041038756 217.8205147933764 204.1455897202718 186.48867819447182 174.4204046896672 151.52230504340105 131.20399623749066 110.05925744389681 100.04582413401944 87.72130761968155 75.9746019816459 73.94514410725515 71.31441409600852 65.56178649139311 58.10316186909856 55.96412755434899 54.42337740807896 51.18796938597608 48.49161471966487 47.06452233497157 45.97047261945676 43.53986288558346 41.655916196791615 41.82675334994903 41.44440225785595 40.06094447355297 38.9286874266945 39.34360443298593 39.24863827838341 38.609935732323464 37.85852152326095 38.050857647057356 37.945620102102126 37.59217275405446 37.31973574121347 37.40581528624087 37.29778581994585 36.6874448637327 35.93821193434537 35.71195481007905 35.513386755163026 35.14510140027969
232.38462965256562 227.20913301933308 223.86667578543575 218.0527928973757 205.15322379443145 187.72984299160262 175.68181197349998 152.5702264915191 132.5834713394603 111.7068451307668 101.66339493386427 88.43216119484153 76.4536732407862 74.64194885693551 71.9011942718051 64.71840108777431 56.34874877513027 54.8285882912479 53.261728232811485 49.852101827152815 46.90486393756754 46.27717199595446 45.2415362692266 42.9374024222773 41.69884971329499 42.02839166450997 41.76513145757033 40.42097559653711 39.75722965225792 40.4104601553019 40.404614031512416 39.517121488755315 39.30596028938128 39.729917932118106 39.57653819312221 38.738940904352255 38.39547061103962 38.618367684933055 38.44846350981791 37.964052081785645 36.67582992326694 36.32533168829019 36.11221887039786 35.912229725712955
228.3984456181713 222.69431238040852 218.6118102801563 213.93578510487 201.77405381324743 184.62956017630148 171.81564512545597 151.51112094409007 136.87244367573413 118.78122066403839 106.23669280441412 92.27334905147738 80.148109968226 78.23480118307906 72.88239781050947 64.84793857222276 56.406544659477625 55.36792623824056 52.208690944001106 48.94855955947963 47.32618915906856 47.76517140148364 46.10973548254926 43.896436466890954 42.86355902735186 43.5941778736857 43.48288708048996 42.19142717080799 41.39732688923861 42.20917188456813 42.29015078570737 41.37480038667148 41.12637823079696 41.534591000707294 41.04387097680796 40.00538185143967 39.80273607487439 39.95936588097433 39.13773322595266 38.53037582900418 37.34635365224346 36.977741820196634 36.249944865767944 35.99074355328827
228.485757993521 224.90663161784852 218.89387375483506 214.20654147650143 202.07472414791178 185.83617869486935 172.33007284685152 151.99220725581083 137.36690836883932 119.38541687860612 106.89282600474488 92.9048867269093 80.79423236389627 79.0680794487495 73.99096559116056 65.56064789284092 57.09567970653993 56.184655490574386 54.197829759296305 49.40108314280196 47.7530773464377 48.62888222754155 47.12277887272392 44.15059760436489 43.1732773659933 44.539560967861874 44.29103973456281 43.338964136038776 42.686006089372775 44.17670682505575 44.23006267716867 43.310147611699186 43.04372319197574 43.4472903919599 42.602847167629456 41.13626284336391 40.79939941311389 40.69621056882078 40.085721563243624 38.813050789276694 37.57043913639892 37.48847261132445 36.91539673491992 36.15921032644199
232.60069369516413 229.33178658556258 226.0460170789112 219.92890051089032 205.91178484113735 189.5248673380924 177.688467546263 154.37374231870317 133.8881141365275 113.34956529051547 103.44773484628593 90.25600335991784 78.76881127178437 77.42824308903147 74.72560974428718 67.30436795227911 60.04463556182108 58.786359768446914 56.97077158699656 51.8955619499168 49.01373489415713 48.47383560580204 47.25952333181096 44.106990027228335 42.53721304074612 43.62970496680895 44.20721395019402 44.957725251292985 45.95169781336556 48.37242842988881 49.02050581558803 48.559243963479915 47.7386214878533 47.07506299389607 46.13287334562653 43.906867910334114 42.26486514640935 40.924335194356374 40.044578267493485 38.67344811649349 37.58866788918051 37.56351791787214 37.28927222068573 36.543634851826496
