results/grid4.asc
ncols         140
nrows         100
xllcorner     -1750.0
yllcorner     -1250.0
cellsize      25.0
[rows 60 to 79 of 100, columns 88 to 131 of 140]
8.438639429897853 8.415553893984763 8.405306746235254 8.346398556692334 8.13676764116208 7.853980457052115 7.561243338465116 6.864651603783465 6.226319770500075 5.43224427935965 4.922261479556351 3.855765755115052 3.2814318463467442 2.9502724072369806 2.8567700909427742 2.9762923005228625 2.94038726702113 3.538015548206358 3.72489481368984 4.0323591876669 3.830047965675025 3.594165370641639 3.3617037242024446 2.6669384972040344 2.098353541223429 1.2103316096749404 0.9008960240828046 0.6048595897466134 0.3226066611595297 0.31401130472305766 0.26949498761048307 0.1988298706635285 0.0030460148214689147 0.0030495406288842722 0.0026316410431099255 0.0019463242677381835 0.0 0.0 0.0 0.0 0.0 0.0 0.0 0.0
8.228212773232114 8.39295401607491 8.333371985061193 8.33006532437752 8.011323582645709 7.712740203780185 7.4584061695230774 6.858538630026638 6.346400646751318 5.6572822410341 5.157127373585246 4.1982561359318815 3.7672034138438306 3.555312695282491 3.5171013862760727 3.780874558378462 3.768182319670661 4.371986991236903 4.506762249195582 5.006613355854899 4.858728360306301 4.44656712050843 4.028924385457437 3.303569178033003 2.6792351746214043 1.5679389625997049 1.1021030062480262 0.7582405832268948 0.45838867228076013 0.43490876655791233 0.31837457277648 0.2416115525584134 0.004359907322957226 0.0042359399373967255 0.003105006063577972 0.0023628588448851386 0.0 0.0 0.0 0.0 0.0 0.0 0.0 0.0
8.202058696855602 8.201258057357466 8.158724882786606 8.328689887687373 8.004592017833708 7.700289956617621 7.239392615663884 6.698165524351938 6.447670859709482 5.854863989738319 5.351998372499722 4.466332771046087 4.062717746178088 3.94682595272546 3.843292644290078 4.210783685461414 4.212130523292884 4.825323542385257 4.962336101239997 5.496021563282425 5.338245522079093 4.882318955432156 4.422657361160297 3.592754116668751 2.9290704970281305 1.7307428770123614 1.2377188147851135 0.7994342902334383 0.4819417134305398 0.4523094395141486 0.3865980768839998 0.2457729487125557 0.004572662905522194 0.004395415952765704 0.0037799155705183812 0.0024009629489070337 0.0 0.0 0.0 0.0 0.0 0.0 0.0 0.0
7.94400036989336 7.904238127226293 8.204058498328319 8.211406649606424 7.836912221155373 7.694326674216366 7.672561501291892 7.10992374162358 6.5788991550302205 6.140674748714433 5.7970802827469425 5.064019478807473 4.617549436486835 4.421162779718454 4.461062478003584 4.915698473366782 4.927748898474266 5.453086888368945 5.686854266902799 6.2245353226348765 6.0446447740236415 5.5656021947727075 5.143545482431335 4.085190906642067 3.0830531825534915 1.6726831103129116 1.1556044364084435 0.7085336490099922 0.42561552880590964 0.4061537507477715 0.3445329472606961 0.2088601234985328 0.003987418469453532 0.003934206515782924 0.0033646431254303966 0.002038451762422931 0.0 0.0 0.0 0.0 0.0 0.0 0.0 0.0
7.627754876533382 7.55017862573159 7.5426730377700375 7.561666510118029 7.776856503930103 7.515258093069835 7.274274734985065 6.92537552877351 6.3760160742361265 6.166162931551058 5.8653050087644 5.445194369852839 5.1311802808117335 4.803053594854569 4.848221676286725 5.283264990014438 5.4252320419659075 5.663608181293945 5.87225227442033 6.394058299712218 6.19598993457605 5.6406541767874625 5.203041059791561 4.21428152287305 3.1152254932622903 1.703144098107891 1.177931661522465 0.7755992776722022 0.43267112046570305 0.4120040110716734 0.34867884883131356 0.2540728962358597 0.004055660191458308 0.003990412094318986 0.0034044063217418524 0.0024895855939630488 0.0 0.0 0.0 0.0 0.0 0.0 0.0 0.0
7.627754876533382 7.468235753072964 7.2139992036174005 7.318755985600444 7.096085479667946 6.636340294644568 6.512518528118878 6.489141887365273 6.761667061622172 6.241493675553793 6.0569424122774915 5.925645148449114 5.794100358308186 5.601928751379011 5.627048158816195 5.732171265284357 5.67392512160404 5.581176453861399 5.601164115592764 5.741224203045288 5.8415774705919645 5.182902871367642 4.651176117549197 3.8547958656953543 3.0555395881256318 1.842123600889761 1.3160968057425495 0.9066107087702693 0.5066215749313299 0.47197640816777453 0.40050662672381965 0.30222122281360086 0.004810096764015375 0.004583554147058906 0.00391302843186281 0.0029619375877232568 0.0 0.0 0.0 0.0 0.0 0.0 0.0 0.0
7.7459665892927045 7.45618073284955 7.2139992036174005 7.210614872394671 7.0227835069318365 6.780672102466351 6.237551474610009 6.367350821104383 6.227899545728846 6.011171035590739 5.954970681913778 5.944642577153454 6.077052591128277 5.787748074706236 5.6802598786730405 6.065893073356655 5.63153510066097 5.516448667542906 5.542013352435757 5.709814177973603 5.722516723942427 5.050837895388852 4.60606650791118 3.736167361759235 2.945839060719342 1.774578814468796 1.3043890781448477 0.8911332477875902 0.49791157305597744 0.4660557437003223 0.3957044439481268 0.3001590919556417 0.004733890415501374 0.00453104279063755 0.003868153383132488 0.0029426950151922003 0.0 0.0 0.0 0.0 0.0 0.0 0.0 0.0
7.741663209452018 7.463719091602684 6.761195243229821 6.668820142017359 6.592431902374202 6.45195755767267 6.237551474610009 6.237551474610009 6.1255234851607545 5.960019627038411 5.745534552126362 5.898873182203894 5.91409814791049 5.916673117126897 6.191488207458433 6.276339381253188 5.895370359655954 5.468506360824613 5.375352404209292 5.663432514642282 4.7581008144820975 4.552950725152093 4.407858246015757 3.5653822275229023 2.6942901314107464 1.547126884811987 1.1158702829403304 0.7367044038086331 0.40985608675920343 0.39653962769144535 0.3387016888099918 0.24910850819643937 0.003870672585702339 0.0038525734883305047 0.0033119227163840447 0.0024430612091472514 0.0 0.0 0.0 0.0 0.0 0.0 0.0 0.0
7.724527769889825 7.143024568636701 6.943863005163333 6.852552485569889 6.640195388339476 6.0595633844190795 5.9634905396746785 5.994974762178869 5.83519594158397 5.8839442620294555 5.745534552126362 5.745534552126362 5.689752120326284 5.623757446713901 5.637830544689796 5.6782616729049 5.830174540797262 5.201324067774337 5.256630987870071 5.481848774927589 4.75473365164935 4.351793294755869 3.785515884013543 2.877939523249759 2.41237408936543 1.4740973831922122 1.0690803315893418 0.6601731346835987 0.39270066164053363 0.38409839231388154 0.3299908667641228 0.15672364058072188 0.0037262545129664376 0.0037345130102511706 0.0032287394308587966 0.0015214410049566752 0.0 0.0 0.0 0.0 0.0 0.0 0.0 0.0
7.714910834076761 7.180031070856558 6.997874033351105 6.532886664135234 6.118875779904938 5.731104231290971 5.505069317037075 5.5407894503070745 5.485725911364695 5.502148239866892 5.526493743201473 5.87652011751486 5.689752120326284 5.654211470183566 5.333728799808315 4.940775604579933 4.894595817143347 4.691871749185534 4.202710087177226 4.219476498793679 4.122627670966503 3.5691949456930256 2.7136069131668297 2.6273345996394095 1.7020597131059667 1.1043271776310535 0.9916323688178436 0.7324881914834488 0.4350606252909498 0.4203624165051599 0.36496834948338797 0.18369364726733522 0.004186500637276067 0.004101812657646477 0.003576087248417794 0.0017863650962938902 0.0 0.0 0.0 0.0 0.0 0.0 0.0 0.0
7.602848630183675 7.04621323760345 6.761521359953649 6.209877783626495 5.89478530885545 5.459413828998935 5.210113242461326 5.255166260705422 5.107853263842332 5.269425022459705 5.419954386234184 5.621130956066333 5.582865051886487 5.5133640638414025 5.333728799808315 5.294980062413017 4.519887786753195 3.3769444048432704 3.3759939668491254 3.377777215470087 3.4156272923979163 2.465881893494481 2.571761400214284 2.403106410832963 1.5065728563724925 0.9613140305202537 0.9259083105842656 0.6834521386820969 0.40477482798353515 0.3969385608007745 0.23556322919017622 0.17941029787512358 0.003907885028404395 0.0038835615353493154 0.002290562394292165 0.0017478799512317769 0.0 0.0 0.0 0.0 0.0 0.0 0.0 0.0
7.482179839466431 6.953171638405896 6.5632690302902335 5.748953897722845 5.118182878430784 4.5420837999358445 4.390639012554676 4.44655170131525 4.481039059205352 4.83453806081914 4.974945536252563 5.496673401799966 5.44290449504145 4.984632234857086 4.904288023426068 4.721736807168309 4.519887786753195 3.7820066702150554 2.978525801394375 2.35102131575259 2.0483198025326863 2.3180632872749447 2.3385215303291615 1.8579300468701478 1.3463355667784036 0.9196914062085124 0.7488777522114201 0.5363036705508559 0.2290728388541242 0.22764416348373143 0.1972405483294265 0.14638722958367303 0.002182860164176672 0.0022106836087980937 0.001921822942510735 0.0014283922353250805 0.0 0.0 0.0 0.0 0.0 0.0 0.0 0.0
7.203026295679436 6.692258369034601 6.271240789657443 5.279566382077764 4.551159731403894 3.9962577686329057 3.827619236481967 3.8077339094753753 3.767604065775617 4.335168248234745 4.587613129897288 5.075935879407103 5.057872361001536 5.097455886832334 5.039036747230118 4.177581987718838 3.981319771392628 3.1099793746678945 2.978525801394375 1.911127785813374 1.4012012259744426 1.4020744217640126 1.4036450513495407 1.3156320566392794 0.8931277979769787 0.7258043490065307 0.5844712623092505 0.3330818208570572 0.21091390476291075 0.21403154190352708 0.18739644418493884 0.053090980490096744 0.0020384420914407713 0.002092623130718759 0.001838639656985486 5.067720311345039E-4 0.0 0.0 0.0 0.0 0.0 0.0 0.0 0.0
7.005675586619198 6.482313819482453 5.898584458555639 4.866225213496166 4.273301334425718 3.7881946455804285 3.4596575657648616 3.2983093067127394 3.1897295893762676 3.7790427002053826 3.9186436774958273 4.31108726422913 4.283622761374307 3.876184493844639 3.5153397349548934 3.4210903362167544 3.3607402109665268 2.3516246743384794 2.0292913547120857 1.911127785813374 1.6159457215350674 1.1721585008838347 0.8767651937925136 0.8401063771139649 0.694430477556957 0.6927400932649 0.5970777759647907 0.35885160268789795 0.22722136394601178 0.22891819289290155 0.2033503665644736 0.06173124139868018 0.002227213151560456 0.0022464781127976515 0.001998496259577471 5.915500323334663E-4 0.0 0.0 0.0 0.0 0.0 0.0 0.0 0.0
6.936441171543786 6.27474071377075 5.745699540733057 4.673493508727879 4.055412877569917 3.4324960775668334 3.1364441845495312 2.935289019225701 2.805943944114829 3.2504794468215272 3.429632148340063 3.8200229438957938 3.783842611994236 3.6680597579022884 3.5186653324905333 3.4448607869927 2.4987123465641856 2.282847246000496 1.9874138470316274 1.3857669440345866 1.2264391805132164 1.1721585008838347 0.9579582376446736 0.7573340985670813 0.5456304953788003 0.5828724169061185 0.4229128364432891 0.3251298101259634 0.20551561100327567 0.2112980064360747 0.07753732041319857 0.059508415918202585 0.002023529114315476 0.002079594625614227 7.457679212865575E-4 5.723074598024098E-4 0.0 0.0 0.0 0.0 0.0 0.0 0.0 0.0
6.94349495109895 6.232322340730645 5.687227032892996 4.470791317963734 3.614092994077188 2.8161057957259894 2.5032060910952327 2.239507361494512 2.0981312573173208 2.518600536543409 2.6655080594368967 2.9176485878997593 2.8801459134460927 2.991043846514999 2.6981144419471192 2.5758552455037287 2.3382367052713366 1.6031870533816008 1.4915388548003545 1.2653321388673846 0.9386984061504337 0.8425284948852503 0.7466493062204225 0.5738442375464281 0.310142842545856 0.35008538879745454 0.3248649939953754 0.24768877323511512 0.06890921916407752 0.07177376249330464 0.06348393225245245 0.047714840008042 6.681826298486127E-4 6.94024737380667E-4 6.12873953009046E-4 4.6024764631870645E-4 0.0 0.0 0.0 0.0 0.0 0.0 0.0 0.0
6.740742921842644 6.056976340483514 5.49928321999788 4.303554856981551 3.268295462540877 2.4941281090094756 2.158628858617026 1.782040596853842 1.5548900005461557 1.9262255474837957 2.0482880026074386 2.069106336115702 2.0260762851945544 2.2134395956302075 2.17080803626411 1.8601360954713737 1.5875279042900137 1.330427005066339 1.1409163833047693 0.7933006440983273 0.6256390752412907 0.5666228248645551 0.4865473357830628 0.2797237478369831 0.18752098061001393 0.20256361897790895 0.18646122131749937 0.08666870905687708 0.06069754623676674 0.06462221502748523 0.05810966017494489 6.681826298486127E-4 5.985622871972756E-4 6.366836926115537E-4 5.723074598024097E-4 0.0 0.0 0.0 0.0 0.0 0.0 0.0 0.0 0.0
6.63186913172197 5.974468754744585 5.296637341836272 4.2393082729972615 3.4739002438530147 2.824343834722056 2.3330609793892347 1.786913828560153 1.393757476031806 1.6526151655222685 1.6096267158367856 1.3925267810329356 1.1494577971081097 1.3305365886811988 1.3042434326963732 1.0835764490890119 1.0454666642405355 1.0523961308121548 0.928682625807379 0.6599032219147565 0.5630856585138031 0.5711802390617645 0.5083802018211386 0.3031253420684554 0.19810288649767552 0.20967646902678985 0.1923524897179188 0.09240823408460068 0.06448762500664354 0.06768341416455821 0.061856253925960704 6.940247373806673E-4 6.366836926115537E-4 6.677238372629428E-4 6.099659112280985E-4 0.0 0.0 0.0 0.0 0.0 0.0 0.0 0.0 0.0
6.619146882906377 5.865492702314188 5.26724254131102 4.208344891953791 3.4328345559631637 2.639075845421026 2.226541290996085 1.6478129755225124 1.2327595978858599 1.365141563912696 1.3216479071876348 1.0760018382582694 0.821173805717174 0.9311212539734528 0.9185854951351111 0.7920427336685076 0.7729312365202577 0.8312549342980184 0.6816848620313226 0.5481376316969322 0.4698214695793851 0.49571464296927265 0.34085461453697985 0.27220396768123684 0.17459626355149158 0.18713856428576459 0.10334211572861239 0.08344500007998076 0.05792477071761489 0.06177515555992396 7.457679212865575E-4 6.128739530090461E-4 5.723074598024096E-4 6.099659112280987E-4 0.0 0.0 0.0 0.0 0.0 0.0 0.0 0.0 0.0 0.0
6.707995145583681 5.924328822000694 5.348104349903373 4.158865899726195 3.1648157214558847 2.218023322153068 1.7847791259966357 1.223894277594098 0.8764174681943061 0.9877203830511158 0.9535302250865211 0.7130961658060471 0.5080438996228652 0.6033917889508574 0.5978007249389979 0.49533708874938187 0.4634049506568325 0.5297056946178167 0.5012551297425071 0.396982583398159 0.25522679466997383 0.2835033511679636 0.26383465481978763 0.2067238221702449 0.07624194867545551 0.08578419591674208 0.08081678424970079 0.06379194831150467 5.06772031134504E-4 5.915500323334662E-4 5.723074598024097E-4 4.6024764631870645E-4 0.0 0.0 0.0 0.0 0.0 0.0 0.0 0.0 0.0 0.0 0.0 0.0
