includes/grid2.asc
ncols         140
nrows         100
xllcorner     -1750.0
yllcorner     -1250.0
cellsize      25.0
[rows 40 to 59 of 100, columns 88 to 131 of 140]
22.0161375200222 21.760808948360495 20.46509069169305 17.196130503457745 13.862938495248601 13.272061601503486 12.563175537954551 10.95177293256869 10.595998898362494 11.297067984151452 11.266910428096496 10.309845257736232 10.495576416263086 11.60241028632109 12.234336582233965 12.944109023971961 14.881997978542646 16.962277284301827 17.875390799046947 18.34431292928772 19.543769341009096 20.965120938959906 22.05157219416133 24.740797636415742 26.022615934584064 27.36329328679682 27.617690250527122 27.677386737716503 26.513284709079546 23.63182977642186 21.970811333263967 18.817531115165085 16.181332957987493 12.895406663092162 11.557644518675811 10.156263174771038 8.950103098423218 8.764610281555845 8.550204171691068 8.119097051217363 7.187144493015157 6.673561372539933 6.239250515978201 5.286632745807456
19.318094350369687 19.75852206231623 18.29401070237956 15.576010046558503 13.003790303298624 13.350144522480944 12.656501152325424 11.121129256241103 10.856285147604037 11.52118341278129 11.309532772402015 10.378570441988346 10.606397016054922 11.62698930489329 12.001831740951786 11.754498481935808 12.862948911128038 14.368121195178407 14.977433714417849 14.682542578999138 15.734861514727125 17.48704037771333 18.608919958158488 21.361952224472084 22.91004902382431 24.809448456530255 25.22801975235267 25.576491226138884 24.67526853794615 21.9379465805771 20.416121657802165 17.799664409497954 15.875429094200356 13.03912799432926 11.785870230881837 10.3818796595773 8.976693337230545 8.740280535168404 8.46071149480195 7.998589307962522 6.929838940081359 6.38926958630901 5.898543499617761 5.07861161357326
17.681494417189857 17.98760331512873 16.572646286785137 14.625800560648402 12.170028134401633 12.405809116578562 11.631365790050664 10.819968906577419 10.593198900657146 10.829809755308402 10.519076313692002 10.126513986118924 10.318591461395867 10.767900151622785 11.0893895231497 10.949216146470832 11.947557119857168 12.765091490649967 13.268512112364053 13.109829394871317 14.104052014298576 15.477336945686961 16.632995011851865 19.715080956505993 21.29320990949548 23.237452052649978 23.4514106315983 24.30874152547189 23.482004110352875 20.82642615798178 19.14225876050815 17.159735978596355 15.329276243152258 12.588890575223731 11.122024591566438 10.251437670279703 8.884295398782504 8.640884553053988 8.071212888296614 7.959920910146121 6.898941437507694 6.355779735697115 5.815422468534067 5.05617923393209
14.839025468571768 15.274251421926596 14.663283998885891 12.929731024639826 10.575386883441372 10.841870928742985 10.662350154565424 9.974684574764314 9.549225484139912 9.746045605075572 9.727022432351214 9.369149910661065 9.553073108164803 9.889409603220415 10.00914721774926 9.823677079164321 10.675870133602357 11.318294497778897 11.576770473868692 11.357264872572365 12.229142705324264 13.458549837294584 14.532245860625244 17.377000724765953 18.99874239851771 21.118540592684546 21.718429760726846 22.250794632093772 21.227958157848835 19.05287691842442 17.945232743112207 15.96481438532006 13.93911655828141 11.47361936654717 10.551514110131809 9.795176341440468 8.474917914491598 8.254565978487886 8.089894448044468 8.008864983746811 7.065588750970801 6.537723383566647 6.112687494668727 5.226692587165171
13.733657131958305 14.023531541210465 13.452249784553821 11.574712870767558 9.684764444860676 9.813983641174657 9.657460609026757 9.009589796413167 8.522734523751506 8.803078181887992 8.777956945210724 8.46230018567831 8.281199859831087 8.704635619112105 8.77290267447019 8.739059124359846 9.085010260443918 9.743615933411178 9.93679000031883 9.902015228228764 10.359003744878697 11.496406069307046 12.492178518802552 14.662700498872047 16.43497299165928 18.16244222401306 18.744744659297528 18.810596057964084 18.274128269044297 16.817077850370485 15.828086803411676 13.922982105000495 12.400020566358986 10.593065541736937 9.761127762092922 8.856887736462149 8.095382681408774 7.826020460638669 7.670811613000509 7.420985630752146 6.8035403221198765 6.232135230485979 5.815588302462576 4.943226712894294
15.096586499008973 15.286957080259421 14.23133827057887 12.26039875586172 10.363717915892435 10.47779602267784 9.86468420010717 9.169818904269473 8.846255434416891 9.146644282033954 8.729262059576243 8.396555554905136 8.232012590465771 8.641046395824885 8.560219176820429 8.526586851293388 8.972855065062223 9.577913538603136 9.631104999241401 9.618954615357609 10.139624913518793 11.148742470907488 11.813330722744723 12.909493162598139 13.46199870670795 14.458111312131651 14.859451851069327 14.773474429690568 14.584278830452885 13.783786816391082 13.052262403755156 11.717103775105791 11.118849605821126 10.12383784961927 9.473470697687373 8.625064230015827 7.760669341920099 7.447061167247881 7.284103908130751 7.021961596136316 6.2987538960642535 5.700068572028379 5.301622115861813 4.581914183936224
15.576430123729729 15.692514604354079 14.09153392151651 12.555994737115054 10.629861424301133 10.613486035691528 9.935922131077255 9.201144504212653 8.855756775329802 8.76035610159824 8.686943196230912 8.346445030616945 8.160102201591016 8.027951408444869 8.363661418894962 8.296736911310246 8.698850753388884 8.71726683108793 9.146691568139454 9.112122665367782 9.559508207694593 9.998014659792808 10.752378449208258 11.627325528433083 12.074003750183866 12.735609337769093 12.734112036823497 12.996128256944335 12.839397377842387 12.098229304095671 11.252077730412026 10.650056923025554 10.158539106523342 9.258166788245143 8.440507947198437 8.205656573189792 7.391351986322195 7.0630283955219255 6.573098373897494 6.721783964570359 6.015984357746145 5.432618434566231 4.959671970501459 4.388793324505753
15.84583369598465 15.61795633104939 14.85271830921325 13.08996296119123 10.70381732033909 10.194200392306236 9.806070785395534 9.060944204026827 8.543993061414161 8.44126407448179 8.359499359311888 8.059890543783483 8.100619074909151 7.948756348123682 7.853273989597333 7.670819873251365 8.112603430958476 8.009828747523073 7.969586868458451 7.811099659233646 8.36748856260706 8.715417909167622 9.013394579057241 9.587892341400956 9.922977418099908 10.54507802371979 10.740231262149317 10.797867412423296 10.39689120328434 9.92377398958719 9.619815080728252 9.068986932148293 8.420780048198369 7.779343119348794 7.486312584376598 7.267790272219005 6.419976568539253 6.1821299866714465 6.089836233710637 6.178681869076963 5.540362624475943 5.0645976037943425 4.738297308490942 4.100534224084238
17.170631977977695 16.41947988736157 15.593091549159967 13.320629537033499 11.311900625093106 10.315877172170808 9.856467058855591 9.339729705196417 8.359914179323969 8.28299454260782 8.183973986835682 8.10347500776864 7.520714502626256 7.339792236312562 7.213062801789765 6.972221828267318 6.712119712931077 6.734768701068706 6.647127788979565 6.460574680342077 6.413701895732332 6.843800416828098 7.06451898828505 7.3510947192444105 7.661156302557149 8.157187683575259 8.313487784937406 8.23074578050145 8.097342694565647 7.970695044448341 7.738651151893378 7.250267071344054 6.890074074201405 6.632474342432626 6.402631898412238 5.844690300382825 5.5874276033887025 5.455856127263084 5.374041353854148 5.108853580988666 4.842520569408011 4.476370402771571 4.173271615501655 3.5119672256624233
19.772485302464855 18.603114740078592 17.123950393484368 14.655917997166817 12.588188579859596 11.290372284051898 10.162310210798568 9.544343387610564 8.668758262458528 8.564583833994755 8.02623174487807 7.928155880153169 7.303206249604669 7.086895542057323 6.801884143149195 6.481761775833783 6.2009887212493044 6.206078998303772 6.009053633957724 5.722838580921086 5.620870497734076 6.0550612632228855 6.171666276432366 6.0447063881694785 5.978233993882082 6.328156173881991 6.421964779922255 6.207382707071257 6.163934644928542 6.313408645075421 6.166367369666453 5.788518004571793 5.690652602866231 5.746078037802385 5.581637226164004 4.961242000791222 4.676903256492547 4.60634877848035 4.525271991391957 4.163058817091443 3.859644369759412 3.5747091417587002 3.3203312606474378 2.806388993282712
21.095549883382045 19.71105706577134 17.587142833483135 15.409527252434971 13.235779885099072 11.601722166028509 10.721362480493237 9.605860107377438 8.669521162720168 8.412031660962166 8.206057919523243 7.800346658524751 7.147267727465733 6.76715150988401 6.544630349005151 6.174551631504825 5.861964332066947 5.306042301550443 5.455079933981434 5.17934360592541 5.037592576760171 5.006554884231206 5.29214769390661 5.196255302761389 5.089182015558488 5.251035221938855 5.291245757706832 5.184030346478917 5.146137390901339 5.221459721680529 5.1355228638370365 4.9598527207730845 4.898306928232946 4.9000178769501845 4.437908723594624 4.356204377955624 4.093200830367749 4.008109053065784 3.595439582339988 3.63340361456024 3.347149882607643 3.099089730326436 2.798380535960275 2.4593076842895383
22.804558691007557 20.936636257179885 19.531271531950182 16.81729434621237 13.956155866692605 11.592324632729213 10.5481966540477 9.358068552464019 8.475553499786933 8.207257055535656 7.9847495693035855 7.540718465373498 6.931896726131177 6.535468111624977 6.258548681201278 5.705415611733035 5.211432266014297 4.562278772819792 4.2738066791126785 3.89633940938404 3.959715227224792 3.921818924506746 3.8730657375369946 3.6939602753915866 3.7887155083045454 3.987174924766469 4.004379100698536 3.8245720804516545 3.7851149966770405 3.9426930608953454 3.9071571786249484 3.702308831541947 3.388238336723132 3.4625550281154296 3.4234867673261187 3.2950424501023385 2.887099547607192 2.8700209052645675 2.839165203438856 2.806989016196964 2.518016277189782 2.3779984171737727 2.239796279279635 1.916496700865352
24.733631902436127 22.445088545018773 20.95260066590481 17.8696889467827 14.744400311562329 11.97409930588185 10.838607906103315 9.779187046045847 8.202261313398354 7.949191084704983 7.694653405664934 7.389293464723972 6.4512381548542885 6.110977488872378 5.818777642148079 5.154774640318181 4.538948448460447 4.057321418244303 3.761403807822299 3.2214200378486884 2.890268080115488 2.9881982707334207 2.91060209237202 2.5859716734920744 2.397827641186121 2.6473743399344793 2.645109162141647 2.389190377178557 2.274555198051555 2.495080764730296 2.482175639438055 2.243129756396945 2.2308917415011256 2.4342192825495683 2.4144246571179835 2.109941124510216 2.0640005805842168 2.154946693016818 2.1286505941209923 1.880272626253535 1.804834512803134 1.780926805863231 1.666343721988489 1.3194405922715797
26.306427816522714 23.69216811732806 21.61444695096828 18.623189826746138 15.815467702682371 12.967317515798529 11.18748909333314 9.995252166936611 8.415157544642925 8.095936872555004 7.445093426206239 7.051449980696847 5.936759080653129 5.586845410631116 5.272194282175585 4.592525258581206 3.9841979312468965 3.6159523244407845 3.272217724985464 2.673502650838415 2.3341614989523007 2.518389757736382 2.4338168245528964 2.025914712038264 1.8720613503316579 2.1954762080835653 2.100991801763391 1.768074147394507 1.725611582909073 2.0274832304845942 1.906862775543333 1.5972200090725903 1.586573181769808 1.867913237675831 1.852043521623018 1.4646550874114108 1.4142176256020897 1.5813178861713657 1.5562525540180747 1.2183164791610144 1.136455252217132 1.2017060044097778 1.1218821871978946 0.8416316453726781
27.069412408221964 24.318303590048096 22.0433661355388 19.055078825874332 16.17657849577105 13.082412937343234 11.616917209059267 9.931472221353424 8.294130902706941 7.878422097688347 7.438009694009401 6.690569150910601 5.550275643120052 5.174419329219108 4.855339344855162 4.181388056513279 3.5813307959178564 3.036638973963155 2.872745793005605 2.3501298205202574 2.0163344992079373 2.0193998539881077 2.0057935734407066 1.7120528538402946 1.5562886222814658 1.756114238640277 1.7341159441041059 1.4303398197651838 1.3853033704284867 1.5657268345287667 1.5473511695121767 1.2526994063303882 1.2449875285424805 1.409548520628658 1.30320009594478 1.1391127539962755 1.0921347188928656 1.2319308767367578 1.0613278465727924 0.917437028605583 0.8443194840904423 0.9259257603635518 0.7730300954603725 0.6429946823062874
27.925506942607964 25.06440621989323 23.234578091643456 19.756626201158223 16.31548788942264 12.770918458715911 11.20984625164824 9.381263539686074 7.773498580233328 7.277782139342722 6.7853617760106655 5.830150757305671 4.672747791526944 4.277264496825726 3.9620781452525486 3.2772702879306426 2.7799148651591894 2.3952087373154676 2.180881258200247 1.7013549421184906 1.4981142182765506 1.5333858157767253 1.4550971912376647 1.1788034826518237 1.096915420800522 1.2787927836715927 1.250813759491347 0.9650633270914586 0.9223015270503176 1.0840380396894038 1.0688802620149105 0.8045396745758692 0.7264939530641933 0.8657385759317989 0.8634071313815062 0.7208535152902827 0.6308570695025641 0.7485680135863378 0.7426252466334096 0.6156297472031217 0.4980530538533608 0.5755263571393893 0.5550003426233715 0.44889156899655086
28.580713725005015 25.866982807071693 24.00351093216757 20.374530693294954 16.53085013606372 13.088163360248497 11.479490985709633 9.565842571359884 7.588024766643997 7.024854523468008 6.499336502385115 5.386244839799477 4.176180657032421 3.8266222202244506 3.524938111498088 2.847268986649649 2.2856521856909486 2.226945835745226 2.0474530360151877 1.5639654425000336 1.2115669383965533 1.3153117581824085 1.2288761861889792 0.8995391522437608 0.7182160756303618 0.8573017413543373 0.8102071897322602 0.5918379264648935 0.4055014982784101 0.5145751015297354 0.49957714264464914 0.3670072478197675 0.2822058107653758 0.3866282463201108 0.38664039932932864 0.2822338911837408 0.2822524990911404 0.34463278745846326 0.3399184405565252 0.23841908198779171 0.2333020948747735 0.26755266418511214 0.25589755378524404 0.16336084782880034
27.939025435321224 25.308407373102913 23.335566992111428 20.093383883979676 17.017368338163628 13.98662996206673 11.922077515078048 9.86623029629215 7.824967962487087 7.218870508370029 6.315371441856838 5.031607864429114 3.652960438184226 3.406839683235405 3.1471324168745403 2.553837658629191 2.1596994394394367 2.3904756562280913 2.2007617625365863 1.7789193204398421 1.5267620291108885 1.6949495402160721 1.5099489357841185 1.153126112818437 1.0187890749243107 1.130171704948342 0.9361465331787309 0.6923706083773804 0.5513159353214362 0.6520953782828592 0.5188159508485412 0.38934992065923174 0.28393403045134197 0.38143041940958683 0.3814387506287175 0.28395434143058523 0.28396976793614925 0.3366511968777296 0.33242151632975464 0.2373446756808056 0.23313009733045115 0.260159930758812 0.25086709676227015 0.1630595227241193
27.97947194375128 25.343500815962283 23.111082214423607 20.144498139935077 17.05514106013682 13.979787750630948 12.083464839786652 9.791577545709014 7.730047913949374 7.119252087867765 6.2690127268737434 4.793415164419129 3.417372575317279 3.2522086271457815 3.0118726745081195 2.5074648056254976 2.160712579520719 2.4495346870784145 2.4188180309638243 2.094198816976692 1.8605062412773865 1.9610440410061052 1.7648137538669335 1.3835704075742832 1.220709181389644 1.1897194615769502 1.0102654974377847 0.6963453630135396 0.5389250774488399 0.5709427593811666 0.5358385264386432 0.35492328764886893 0.24598646153513554 0.28018405949685443 0.280189378701438 0.2459996232266508 0.2460105754369322 0.2802244989023333 0.23555598105955544 0.20409983008352678 0.20111814607944506 0.22557592066164492 0.16484416792384238 0.14043839782445583
28.488368893382795 25.763552340730726 23.907900580573433 20.50325527995552 16.77429095754776 13.284744589184472 11.56220446979708 9.247539769847492 7.208491114350827 6.537624049972646 5.867061203599457 4.334099026379793 2.9687703171562587 2.7382406905726877 2.6245932626102895 2.440854443118396 2.422177824223184 2.9032475907629123 3.0387560963410074 2.9840220337398455 2.8430850229129634 2.8385729162151283 2.6454058349732925 2.0740740220653433 1.5377025254254726 1.1235475118934166 0.8776113218242687 0.5500281069564785 0.40597486795665516 0.4368415899991536 0.4019329154628433 0.23420246608815184 0.14083898127953165 0.16874350030397772 0.16874662122025197 0.14084652698109965 0.14097329864304858 0.1689030876778191 0.16890308767781917 0.14097329864304856 0.10714205297157468 0.12683587586684641 0.12542359883443144 0.10372747209801726
