includes/grid2.asc
ncols         140
nrows         100
xllcorner     -1750.0
yllcorner     -1250.0
cellsize      25.0
[rows 40 to 59 of 100, columns 0 to 43 of 140]
242.94624626718533 243.31543682843323 243.77794644979318 245.0897318972852 244.9401112910147 245.41693253465502 245.64523881916162 246.3330344352112 244.7557394537121 242.6721260271381 241.37960540422245 239.20070068378666 235.06292488458934 229.71849999004112 227.1469597818053 223.3918778301793 218.57524619397094 212.8624730060492 209.5551260465497 204.59601115551646 195.67728485278727 189.17859708079249 185.7769053067505 182.91793029280674 173.81956990229583 166.13781198135968 160.1744982533704 146.13317831632858 132.1788774327486 117.9374235956104 112.09912778104541 104.9838467995222 96.21480680386944 93.75297442888342 90.93678665005191 86.01964877134358 78.15347071013984 74.62363965175659 72.39995077165484 68.90555337533367 65.60932685432306 63.350823899173776 61.94248532804965 58.65784204481614
243.06210603232523 243.4415765091111 243.31013243055295 244.4771657134336 244.18336835014338 244.33155960292225 243.94525312380583 244.61564219288388 243.10633915193364 240.87619354831617 239.15035711703155 237.3516340414552 233.78281822307883 228.74383930092023 225.91852186243793 222.58922650668723 218.09579576694222 212.92065861895918 210.29277923646205 208.13065790786274 201.09748245514666 196.1101078415714 191.45494337572117 190.9283305671851 182.93346614313742 173.74994526542426 164.6527683698283 148.81465689300066 133.6743522815422 116.96954135737913 107.6316046610035 99.06729990250905 91.10675872403324 89.98396054260525 85.04561375340465 81.12421448654835 74.63767526578643 72.9963732791318 70.41760138234233 66.56997671481967 63.056394645257015 60.625401736627396 58.52639288827709 54.35082675019924
242.9809277767316 242.5924270460186 243.05870049581384 244.15864703878898 243.80391840742186 243.47805917787113 243.1158442407951 243.5666102423258 242.01547310834397 239.64632571443056 237.85084033715242 236.0754126970835 232.57988708112322 228.59087707729998 225.16141594324657 222.1880020055761 217.93181868971016 214.38558976503685 210.9302637828602 209.97859830822932 203.27602632115554 198.19276588345647 194.6809532967368 194.90083798251788 186.8562702031696 176.52095367667974 167.0402626091084 149.98854875534107 134.25663361219634 115.96407711464646 106.44326232949662 96.36704812272008 88.1809329880129 86.76558328652808 83.41506560049564 78.51071170971683 72.07776946647407 70.15505137063043 67.52558818140784 64.48689009745584 60.99172805879592 58.00679411151427 55.67845494415406 52.09279271950949
242.75816898204144 242.39163447267563 242.65696791643776 243.65791967727745 243.51665177440444 243.1634522274688 242.70343209992495 242.01312087446948 239.65341665658903 236.94761730630145 235.4668547180926 233.3327525883236 229.85210412474973 226.51091349517233 224.73308160804896 221.856245335738 217.25225198462064 214.23463883551455 212.931025878817 212.26006282792974 205.76684965233204 201.27028977500314 199.69546483918103 200.28071999252663 192.63665124876238 182.49564518544477 173.7664530554003 153.29213037168967 132.92571423651077 111.22492982333772 102.09227947761057 91.71418303698658 83.6002666227894 82.18059077257449 79.71688080671058 74.12471258141319 67.15236440759051 64.99262881035256 63.246796936804074 59.97024088728739 56.391042939447956 53.897180390977276 52.28694710904627 48.704635943316646
241.92342264011938 242.15750350303912 242.3858387699126 243.10065789641845 242.38405834899203 241.95571922154767 241.35082449855227 239.53700903211262 237.1966310928048 234.32636482212132 232.80360781429061 230.4233850911755 227.57733206506407 224.67263618766876 223.06089723506815 220.47554299405397 217.82293935169923 214.88768040609614 213.81700071037577 212.83780415129934 207.31083744184232 203.88402016225314 202.45227786255475 202.53691755636243 193.96759517627504 184.41575635602788 175.45213292276762 154.51090572634595 132.75356387876855 110.94072549817423 101.5132039081657 91.29939921150111 81.35193232262145 79.84593223618742 77.33961629979575 71.67067510554713 63.99110122138854 62.097765688189114 60.379616226392464 56.36688244655606 52.958850335129114 51.796148710977235 50.222606832876735 46.444507145060726
241.83453452450533 242.0512945478945 241.6552665447217 242.04779424371932 241.0513775366031 240.19943410333713 238.8753700854986 236.385861712251 234.02120752246358 231.15377290152418 229.15338857490062 226.79594400529385 224.75178755402072 222.80155800425328 221.0974449145383 219.01761229063348 217.02720759745876 214.83678928571834 213.98497338581078 213.03131509495998 206.55920124695825 203.11057249197447 199.63935161311844 199.42671378607275 190.8267940162481 180.8965432362923 169.93638998727695 151.759444724986 135.18991886173077 116.1514825593034 104.66453865602419 93.93312571632404 83.912103011331 82.12171500015921 77.02483383906184 70.59223760116787 61.69945358016679 59.86702501035657 57.52611988452522 53.501672217353594 50.9047614190489 50.7259544581372 48.82587305162034 45.46235338361949
241.74416486154803 241.1760809963977 241.35893382306247 241.66005723403399 240.58410689564403 239.20111344952076 237.82328248954113 235.03239907508518 232.61124725230886 229.5627453544989 227.46961158948056 225.1385529302537 223.15674475784883 222.30627898878205 220.0503816746543 218.35711401047124 216.51179934025294 215.73355912786138 213.57992707098563 213.24587479141755 206.8602069254922 202.7575486678946 199.7841288094015 199.80332693637553 191.18905452991456 180.63333651220404 170.17160629672 151.90318038223174 135.26832832646048 116.1378867057562 105.30030304352383 93.63978288145499 83.54285337063146 81.36713643314052 77.41911748247256 69.71892994815974 60.7896687753725 58.35621458147516 55.766649910942675 52.535943761923214 49.972164163384534 49.387546483347876 47.52812484795529 44.90864760634128
241.74567163244225 241.2104839344448 241.17968477947252 241.4418657787703 240.5991411582533 239.16728856879897 237.65482163066494 233.95325343281385 230.4841589159734 226.79717875604422 225.0241046460572 222.68392672650876 220.6671068221178 220.1440266349585 219.47411141202744 217.94164701520518 215.5139338596946 214.94347138742367 214.6139587214128 214.29926267101752 207.99674410932545 204.15728107992754 202.8184651730125 203.1185999026002 195.06267824155378 184.93185037897072 175.72058335917745 154.52032893706422 133.5622954206692 111.52760765431994 101.69961054871884 90.31305705180806 80.82201387056473 78.76458378094804 75.7715802475499 68.21422471455563 59.47266746655057 56.646317261783956 54.87925258541134 51.70684935720078 48.69997856266345 47.759921315545334 46.55424805096576 43.875836731795005
240.90550770134283 240.97426634401134 240.91977242581646 241.0935531100405 239.6365776174382 238.18417800029945 236.57494250482824 232.54555255178488 228.95595574474612 225.0766576082202 223.27553595246468 220.9653375254224 219.00522399541262 218.75452438259742 218.1801895039213 216.83226417928995 215.49860505476002 215.27979554628413 215.0405950963119 214.3499896383044 209.51067906477846 206.0235791493148 204.72998119000445 204.56087263189875 196.13362034824115 186.16206842270716 176.89864450938896 155.47054861812907 133.41213619566375 111.30257861811205 101.42204517821139 90.13163846547394 79.74775939394384 77.50739122040964 74.56263532726669 67.64905751238025 59.23109706377508 56.25292668034466 54.505067106339084 51.62032076865326 48.726678916336674 47.28061774636163 46.034435297084784 43.42173543557119
240.56030575992017 240.62551645947016 240.03446271279333 240.1400077965782 238.61319549258573 236.92828683764412 234.86399787421408 231.08802043612118 228.37610022048284 224.91649126949096 222.68910271676904 220.32390945887528 218.6124292070897 218.62956051973453 217.72396277057507 216.50999522527817 215.23495248775765 215.23093840534662 215.039947242577 214.35558093479972 208.5941958654438 204.9007616032914 201.5275481942289 201.10859264637253 192.6873904312541 182.27686313088284 171.11060845918468 152.60426346747312 135.8668400689392 116.6846900911713 104.94627737504521 93.4940338893792 83.41618385316843 81.19387922256378 76.02946771204633 69.60108395984258 61.01773828007926 58.42543516521137 56.14547444385537 53.39658765195237 50.63972229638937 48.96444278833114 47.03989895670219 44.39700158400262
240.50395258602302 239.8285756236467 239.8735618753625 239.95671598374545 238.402388358606 236.33646070144127 234.44636820683502 230.59936068678076 227.8717654370007 224.33211374345217 222.0894487524727 219.74475506660488 218.05182979966057 218.12627877524372 217.21555374116792 216.205177894615 214.97228084701794 215.02548758685347 214.43101253986302 214.28544563701104 208.54271787017862 204.8438904919664 201.24098981779326 201.09164675841322 192.67568507316952 182.2580816975446 171.09417194502885 152.60331089090798 135.88729975137048 116.73745927004575 105.06417349081804 93.69012659777252 83.67464144881556 81.58920846091493 76.65940410604782 70.47533280696352 61.970053621587205 59.480866368328094 57.25943088746813 54.52141215281924 51.71958779061484 49.829833847601336 47.67601064092016 44.872320226757694
240.74188952281213 240.13167317885143 239.9935599711186 240.11797807606678 238.9131873687366 236.93176935568167 235.03086859452426 230.55273845580717 226.81204571745627 222.64181612762374 220.76286227991127 218.51427876224977 216.72849132914945 216.85697243007962 216.5471908906446 215.63770445109603 214.26935315543207 214.32263667266994 214.27852481748255 214.1525547640028 209.1659881519089 205.66180302779208 204.40163026204925 204.48545332227798 196.07103806238868 186.09954345020319 176.844957305662 155.43888749246867 133.4421745391134 111.42002249271069 101.7075654702256 90.83345688644319 80.87619406925019 79.08282436123848 76.75020618861805 71.33022917255845 64.02398497693241 61.562843458524334 59.987593536443754 57.14209349251383 53.554124371191456 50.8389798203441 48.989882037053164 45.722451106554225
240.4053413251821 239.9568233485403 239.82003879493885 239.96251965421075 238.29233261373216 236.23971422317183 234.31223909164137 229.93383510015911 225.29656993314438 220.81331457698738 218.8951918265795 216.91522285026196 213.71583932389868 213.23829000613372 212.89453593431682 212.52926057638587 210.0791971641922 209.3175214065656 209.25872557971138 209.84186273919326 204.37864849681307 199.94532317457657 198.68755058655805 199.6529701535489 192.4220936266036 181.7181215840259 172.51180911934526 151.84262517126555 131.23403229791907 108.51738272543207 98.88384996327748 88.73485910801098 80.0142028984432 77.9322730818151 75.69729521899208 71.37951735525071 64.21247895248088 61.55523734408024 60.01392843770338 57.64499131692429 54.51162117147736 50.88191357517516 48.95682306179307 45.73455016497566
239.98499647955285 239.4859946639806 238.8737117134361 239.05756235890325 237.41580077733235 235.2230448537597 231.98693281300297 228.3385372232938 225.58922051362146 221.66054100397403 217.36653352177473 215.43068025315503 213.60462270580877 212.99834318809314 210.2126889931541 209.93620047150594 208.64404463388757 207.78319352362448 205.73038322404753 206.48719221494716 200.82605318021783 196.0447854585451 193.07827398290013 193.92802792454867 185.75995599009957 174.45403443070396 164.82921515196708 147.21067784920487 131.000874049959 111.06207282043924 101.06625830217264 90.87538294605736 81.46748809678112 79.23498897711717 76.49139726725812 72.74928879632506 65.03908617460972 62.51889324341078 61.004390796950055 59.00143074683758 55.769317894863214 51.76666715372821 49.67687994611186 46.5300406980118
239.97794669864692 239.2869748715429 238.84920782859268 239.03394354112402 237.38940137868028 234.08713701007107 231.84648446123035 228.19302358890047 225.42079967284053 219.4596922743302 216.91729054213965 214.97245922572398 213.08794944262277 210.36743771759708 209.2740693933764 209.05868217989135 207.71057173110316 204.6969823842514 204.27551865311074 205.2766424753805 199.58790084617624 194.0744003287863 190.70553107563163 192.7370425424693 184.61096493489913 172.791584762704 161.81941898780914 146.34924396206216 130.20270884282397 110.12010093811652 98.55791573036028 90.51859033118954 81.20559938213246 78.9967944516212 74.6999383022624 73.14188528197003 65.49945612484152 63.04730032288919 61.08519411653187 59.66420352835908 56.41355854921067 52.2700973278457 49.64516069765485 46.82009062713759
240.38789471076132 239.76737450027272 239.62566594371674 239.79515682340613 238.22579933233808 235.1398380532435 233.09755903322852 228.82449881581783 224.86176453852627 218.34601015646066 216.11989216310783 214.29761235858487 212.30835030671705 209.52762594186675 208.7882774924108 208.74088404447346 207.430273270168 204.23030373569674 203.87622509775449 205.13480987789458 200.29260825778672 194.6851081712531 193.47445032258483 196.0037230274402 187.8723276718024 176.2930782192905 167.39990071868937 149.18357667042366 127.66982417700488 104.59582983256928 95.42787341018675 87.81763919649025 78.21381179548746 76.1694310043899 74.59417786307569 73.28986979514434 66.5791891430587 64.20687591148213 62.874726169693865 61.126448464289055 57.24725655432114 52.72017309120787 50.44451405714646 47.205910883533164
239.9344848489332 239.32313217323943 239.20526762603095 239.47657113604114 235.86582171319193 233.0780120833263 230.97437786437297 227.03679224513917 220.2493189456922 214.34203156892428 211.92184707815085 210.60969225209104 205.80426864121964 203.19853049163802 202.19249440058064 202.98437567492647 199.8048949943255 196.67149015278372 196.15109290684978 198.50125188457443 193.0400070196132 186.54386899359267 185.34353127462677 188.51084356305242 181.88395568302846 169.7960385774475 161.13326113827654 142.67433515526602 123.71497273748867 100.36102731056702 91.44331639989753 83.24724091065328 76.51221911467843 74.37460606710619 72.89363608092144 70.50898947212552 65.67865653766027 63.19830734459631 61.925420476201815 59.97088662603586 56.858974283684965 52.309996039448606 50.0772633531634 46.60400024802991
239.40428410310454 238.72215201302774 236.23352372598296 236.84938337890705 234.26493892077082 231.22545125705574 226.96110242373385 223.79489542200827 219.05069272391015 213.3848340265677 208.200259174326 206.6457304458243 202.35772645943246 198.99672129799242 195.2253663737113 195.75758259562133 192.07968060055205 188.21623462503496 186.78681640500926 189.25466900044282 182.834090513076 175.7036869108016 173.59709015747026 176.93217323817646 169.61553295378266 157.07758259102556 148.4856020702431 133.64318277859076 119.60669292379187 99.32576571923002 90.50516050266476 82.49714807497108 75.36501454889978 72.99358563999338 70.92662436519855 68.44969518164359 62.78215770835429 60.20880180361817 59.01297082521048 57.53817522291703 54.93146267409875 50.79041528274541 48.53937573007223 45.58938543029118
239.33758835222605 236.50382204902692 235.97266928392253 236.59880822838926 233.95295017420793 228.90368667606376 226.28621983127115 223.11136196578656 218.18957734829723 210.09154365665 206.05462008825782 203.84586721506565 199.06910777890735 192.67360890604502 189.17118495006 189.00609281197814 184.84938507932455 178.28751048116575 176.63338422076998 180.15259104849642 173.6028385910532 165.97921597098235 162.83527839753913 167.85725668080426 160.73460920514205 148.3302393859302 139.27010650086973 127.36049527323641 113.83831630874491 94.36790449235725 84.92525751504382 79.41884030247147 72.54174875284114 70.17724626246779 66.52289594738926 66.05851829897456 60.494100947620126 58.054833696922486 56.526421437110095 55.770832681253204 53.29518573532316 49.23245558656392 47.08731052344755 44.848243059041664
239.7982385523323 237.25767874484748 237.08613391575315 237.66381797282767 235.11053908137157 230.23919481157745 227.75560702053386 224.04835131988 218.0971151305865 209.1371776394737 204.78941491544325 199.71635492574583 191.99253759407867 183.61784545574866 179.17702499582307 174.10720997267725 166.8631067191758 159.7766302734342 157.41702195967008 157.78813071854623 152.22971115854386 147.74638396633458 146.69527787580563 148.9147612685232 141.71457722878654 132.98066812736786 126.91546304355208 113.86528995889613 99.52567858748462 82.75858876600758 76.53226370149206 70.90258727218045 63.657396455022685 62.30560801793143 61.2300529625327 60.13407438366395 55.2458351085129 53.71453963182378 52.95799091491833 51.899653507269726 49.55932291713108 46.48657108874325 45.14401806569221 43.08574919518049
