includes/grid2.asc
ncols         140
nrows         100
xllcorner     -1750.0
yllcorner     -1250.0
cellsize      25.0
[rows 20 to 39 of 100, columns 44 to 87 of 140]
61.52894378722052 60.63097540285595 59.00876934039804 53.896319034741204 51.55739584498952 51.31984301480029 50.022214445633686 45.87340064359381 45.08041818549958 46.15281735292953 45.74067824509915 42.70312658719665 43.59490491985387 45.84308628819184 46.52941942122801 46.24044008698677 48.9286176255611 53.58888404958748 55.97189564153532 59.78860944718026 65.5053385791734 72.1565032020854 74.41874088309909 75.39201777273027 80.74355139886039 84.8528155121149 86.2490999616823 85.41839572318972 90.71355469635682 98.34533897293659 103.88514250992117 115.91901307089555 127.84143564457155 142.725705435513 149.35609503870526 158.74659542701025 163.94488412157045 166.5922607825281 168.65865439858422 172.86266981012386 174.5789741639199 172.2053625314409 172.2940562848055 174.92242935445842
49.512868613261595 49.512868613261595 49.512868613261595 46.44144083404905 49.804602350916184 51.109909968926196 50.61705700831323 46.870700718590506 46.41255576458432 47.98442183947399 48.01422806828366 44.9434199307014 45.9931258496254 48.30395403493023 49.05756433189646 48.527491590298084 51.18997548089397 55.73625925784495 58.80608689438933 61.93188100238635 66.50410968126427 72.7462969263194 76.73768551100306 77.84415666064619 82.9123187379916 87.45488848465432 89.6776504117492 89.22378478784465 95.0768698514058 102.74420373618592 107.84779568005023 117.83235799364913 127.51277941581678 139.95645935258614 144.93151592042338 153.58791800782694 159.20195783623623 160.9676217287718 161.07730843220574 165.51102022545348 167.86767933455894 165.20419212903047 164.31937391251668 167.2382592938988
49.512868613261595 49.512868613261595 49.512868613261595 46.44144083404905 48.66878630935768 49.16375174290173 49.22409156519034 47.49423210170812 47.241392722071865 49.068803102922026 47.809379879264704 46.416979779774096 47.50896698387977 49.76125187282235 50.167748665409746 49.91977635304914 52.53707395280461 57.084762183731975 59.87989550387506 62.70863179339279 67.27285622223302 73.86459769325299 77.83819284400137 79.1872486889364 84.43739138694652 88.37519280327237 92.35143696656633 92.40038367842178 98.23455970709807 103.99000233261599 109.80097678557698 118.80307695519825 127.87278201269604 137.21889415969858 142.33480615834665 149.7943300044874 154.94168829706254 154.45045049391462 156.02811579684789 159.84316497259462 162.02661226563555 157.16547579203043 157.11011204749502 161.0360688529269
49.512868613261595 49.37352897366789 46.44144083404905 47.74195003610922 46.99055120111126 49.16375174290173 49.987445227815975 49.292163090999345 48.557401892091555 50.09228325923131 50.31782258307297 49.579568777464566 50.29145209925442 51.87027675021797 52.43519180891149 52.61570031410499 54.986690879697946 58.7789735175653 60.585508609681376 63.45408805012888 68.20197716687775 74.4351375601122 77.25829587663046 80.48695692855897 87.91987691585497 92.98585900861133 96.05687875099541 99.02134926061522 106.94035358727488 112.29775636696718 115.64835426877809 122.40595809235636 128.59613417231503 134.4624084324352 136.93524948281657 141.55633065668408 145.1874275407214 144.9233655089022 145.61932289545078 147.5318776265573 149.29140492029475 146.13097294193062 145.87449536085677 147.7532357232336
46.64059746804569 46.44144083404905 46.27660286639394 46.30059875968904 47.08350367870259 49.36834777517553 50.067673113715 50.58244012198358 51.37595896592661 52.061903278773634 52.35909901971204 52.4359766654437 53.58246431395593 54.23579790857529 54.75893122649455 55.738791977471 58.32503431385713 60.46588380055747 62.147387275809216 65.10610628428086 70.71008658003348 74.94906428380305 77.90085002636549 83.47496593973722 89.62413297127732 95.83678305379497 99.26909016371958 106.11838061698472 111.34544884203288 116.2746047345716 119.15313735801791 123.16145648469472 127.73988094387899 129.5711671504223 131.13885098583057 132.86208280867854 133.3905418782769 134.48175654076726 134.86515653213505 135.49320900580855 133.87530358917311 134.29178956630452 133.9552524023764 132.77047571731703
46.44144083404905 48.437455761581155 48.61165151767308 49.16375174290173 49.16375174290173 51.80652229983004 53.62721720782259 54.80458314848205 55.82416113094269 56.195703302204535 56.55421118142004 57.204387565402484 58.5924576218055 58.721091232646586 59.05511947337126 60.22918775994886 62.839601357434866 64.16584775219766 66.13126118139559 68.40069504135171 73.06804120347516 76.50034876150671 80.98425846531627 87.70621653932373 94.07021498388025 100.90280676876375 105.5637022707049 114.73449708027144 120.46762180780301 124.24333084981964 126.27235218178835 127.11245915629206 127.74883822153502 125.0152971512452 123.98135798554057 122.53640920602919 122.22987816886797 123.22654643741117 121.52836920671272 120.28099075621381 118.61219009712839 120.64160228489857 119.24136025975437 116.16172665794222
48.297975173557866 48.437455761581155 49.16375174290173 50.59961860128252 51.80652229983004 54.94411833601578 55.614963412392434 56.96046272595757 58.05108847983246 58.82673003437639 58.912184111384754 59.610804706414974 60.98552738289388 60.92128521969968 61.61731459726338 62.317343451870286 64.84409211268023 66.48778860801124 68.10659161801443 69.58304563052565 74.23740551158951 78.91384926712787 83.02424470312879 89.71142329378668 96.34034184606823 103.02515528647004 109.76436461180512 119.37697912661976 125.10614084108448 126.91977130843144 129.2779210481219 128.84938813668896 128.6554529878467 122.2087017752583 121.21376212862931 117.75178930090745 116.79777516294382 115.27725807559732 115.7857104093992 112.88585754450159 110.97632363211932 110.73602115181833 110.41070356453909 108.03121676968247
48.437455761581155 48.437455761581155 50.59961860128252 51.80652229983004 51.80652229983004 57.32038744230297 58.60371255823058 60.25665708128351 61.08967848118929 61.752923513965264 62.22922304523754 63.05790447462513 64.18809485697692 63.91923859542816 64.14285776856161 64.88440318558192 67.32538648417132 68.61265401658525 69.45444034610122 70.67756384337632 74.9829383408323 79.42454970915101 83.1950667758589 91.44129088536988 100.12612841133345 108.41030442711426 114.26339907371175 126.01187447855652 134.36027334950018 136.91529714912193 136.89525519317573 133.58450409252433 130.11238124569428 120.23100358576022 116.09908196291198 110.7491849816231 109.30721856956089 107.12158317643046 105.58996222196821 102.15588224731248 100.6606887161127 100.85268143906026 100.04223533528817 97.02036428428848
50.59961860128252 50.59961860128252 51.80652229983004 50.59961860128252 57.230452333549756 59.533977883880866 60.82189011977662 62.80373515991172 64.13051694364512 64.13051694364512 64.83877180385872 66.09062475581088 66.65168854619522 66.33248363832625 66.50704055963718 67.56312753390442 69.23702375353189 69.7408121449086 70.45953930692754 71.83451454588426 76.15134685202645 79.3397699475762 83.15634812829083 92.5658272006285 99.92760735081447 109.03489819347948 115.09202228932153 128.55213599265693 134.73928388066076 137.63293347223683 137.3098234715831 132.93514497164716 127.43609198639204 116.34362663709157 111.63793465884665 105.58668064516128 100.66300887596991 99.06106622465292 97.28580910921667 94.43199332805413 89.492731374476 91.13472584024387 90.235008345736 86.46615055632563
55.889103156515475 56.42223782716738 57.13253172141827 57.32038744230297 58.60371255823058 60.82189011977662 60.82189011977662 60.82189011977662 65.82550035912533 65.6932918868432 65.99738109596265 67.41884019594129 68.15312549928483 67.66624494661946 67.27500768177624 68.41308015766784 70.64977458792731 70.8670029345546 71.21986130247956 72.48222993544869 77.38902403138664 80.38051148580456 84.23547751011212 93.25958485526665 99.5292112154036 107.9492345698773 114.22415320246374 127.62596986619658 132.0839267682264 133.52725824705493 133.45835872875844 129.6819455023264 125.02756797515237 113.83019263892162 108.40450875453533 101.8114781594864 96.99614751050383 95.62568955705017 92.92859635283617 89.46362339896729 84.0035897939234 86.00390816006336 84.04970370292045 79.82653152269354
58.03774696572596 59.0390046853618 59.16389108219468 60.55096378515026 60.82189011977662 60.82189011977662 64.39433541687742 65.82550035912533 66.9757056154855 67.04728414836585 67.49770129925919 67.49770129925919 69.03495818255811 68.01423599183293 68.49907258294427 69.03034506114027 71.19040742517592 71.0141207088634 71.88287220638703 72.44443431237084 77.27030577218798 80.1299060168826 84.37552746518647 92.87956328527405 99.14512755348959 106.42674018570239 114.14081285347447 127.37664075365676 131.79870155923354 131.5117945804103 132.2282394757713 128.7384912659686 123.91502159114734 110.19933427053861 106.1039689122211 99.55331832982684 94.57403971901415 90.7059178679039 89.83913593243395 86.30023111715707 80.73683414205318 79.98986284931283 79.11278449082222 76.1115643801274
61.306930247571906 61.84592632086443 62.35704756151609 63.71784762662291 64.68385988003612 64.13051694364512 65.82550035912533 65.6932918868432 67.04728414836585 68.82524460025466 69.08035947409289 69.08035947409289 70.44392106277365 69.48147744944889 69.39348056009095 69.40737601355818 71.79872684234832 71.5091898123999 71.63303447910307 71.67386932321 75.72655541037375 78.26603573924135 81.8128339064053 90.82646052391532 98.65592533775605 107.08025336691728 113.28938886333601 127.0789368626876 133.9631901908469 135.12737179033584 134.13409626665597 128.94860182338306 122.80559146046205 108.07946407221925 102.20758750255311 95.38155835877244 91.18087659121872 86.97505961963193 84.45343749229905 80.83520018843768 76.00015575271243 74.90471039305051 73.5517509618055 70.50187993519171
63.69636733752144 63.435922557445316 63.88104704468496 65.49118782043291 66.37189365110882 66.7067917840131 65.82550035912533 67.04728414836585 69.08035947409289 69.08035947409289 69.81038288208059 70.78744909765203 70.06523453221749 70.06523453221749 69.9661142914171 69.40737601355818 69.40737601355818 72.11595096487136 72.10601466872573 71.66657643899472 74.32586022246517 77.6049220985671 80.9771066571764 89.26353203778787 96.22225393484773 105.12624883294825 111.20278226926654 123.9600856819036 129.68590987761178 131.39885311664324 130.42143791680616 125.12554014680626 117.31796024801399 103.90424047313955 98.126142624506 91.36539099160797 85.15179274286702 80.93111374807344 78.33768504922159 74.41424530814894 68.78604402413444 67.03766767187852 65.57262211833992 62.916718899642916
66.41852518598135 65.71775409429438 65.5019267532037 66.87563912901895 67.29607626933134 66.82485666903607 67.47708379686576 67.49770129925919 69.11749645074136 68.71732235522018 69.4075150504199 70.38604867071899 70.06523453221749 69.5575073933882 69.40737601355818 69.40737601355818 69.59136727374296 71.14025066445632 71.45156603052986 70.77896734808547 73.7790805272266 77.00887994801049 79.98640766409744 86.57309187016308 91.38764502483274 98.93184405676509 104.41517605875963 115.26407937034372 118.73729349462452 119.43467042089081 118.76093414635709 115.68845037212782 111.43459959270002 100.73837904037472 94.80297006631751 89.02985103357554 84.18209128818528 80.49116759203893 76.89855649274106 72.72586731227968 66.76810044340621 64.66736924047483 62.039034502400966 59.34881941917018
67.5258578519789 66.34343496034393 66.66587300692139 67.537563958673 67.86744936145666 67.32363426610473 67.85768831747413 68.90501846712787 69.16025734974346 68.79370046809373 69.35396596913186 70.06523453221749 69.9661142914171 69.40737601355818 69.40737601355818 69.59136727374296 69.268689260316 68.69571759114814 70.12772467480873 69.44744541579621 72.19312637890287 73.80939386195526 77.35692795818976 83.19404906397087 87.7028072639222 94.1126132025778 99.57611411762205 109.68311884156925 113.04476253923362 113.38542768353153 113.49848948857951 111.01294428639162 107.10747639797805 96.04764266878954 91.76287817207239 87.24052027544438 82.5976524238983 77.76818344945926 74.18918907595626 71.02277248675766 64.97658669543874 61.518689711687436 58.895115998846244 56.712195053618
68.98491249607544 67.77237330850811 67.76834862187442 68.59657293442997 69.03742274543323 68.37977014055234 68.5123469931643 69.52740903454847 69.99301568378378 69.57977953818123 69.7180297000442 69.9661142914171 69.9661142914171 69.88243157806619 69.59136727374296 69.56405230877957 68.69571759114814 68.69571759114814 68.00779426172417 65.85473651373177 67.1977736294913 67.98826108981469 69.58490285186149 74.23723576508729 79.66636482654594 86.72646010082782 90.89002101822336 99.19232464108518 103.33770516383417 105.49710292613756 105.52616387326697 102.73832956820165 99.45995139057818 90.77476511546533 87.53798221238226 83.62278529303339 79.2843044796297 75.05005823927915 72.30302388024391 67.87928359790304 60.849417812179794 56.44599344099091 54.12020325993123 51.31297288079986
68.25753803572894 67.27174835842696 67.19131338500411 68.24692085866583 68.16817864233983 67.31219473187588 67.40506473693554 68.58853636467155 69.14920401176941 68.63290171649571 68.83392143052335 69.40737601355818 69.88243157806619 69.5015838242831 69.268689260316 68.69571759114814 67.88402766437703 67.97835397046974 67.65308366610326 63.7915795885867 63.868669471771746 65.65011213939847 66.95620018169947 69.08424121272361 73.36395225730804 80.97623959963694 84.76438340803055 89.64098219089222 93.29528125215951 96.90114140468826 97.05959351475323 94.59038013916614 90.02899775453724 85.53278543808034 82.71057975561467 79.14253801015134 74.59058304765898 71.36585016820906 68.56546922657147 62.21202159023968 56.036533868523385 50.9575928777588 48.469159098888206 44.933694604198784
66.24673028339615 65.1059148219013 64.77536547455479 65.84700986219089 65.77991201889044 64.82971519536305 65.36326405546272 66.64843017362575 66.92954546519668 66.44706109305648 67.3402878691112 68.53037593713658 68.5162154834771 68.00892504851863 68.44539180422868 67.88402766437703 67.88402766437703 67.77009284386531 67.2131362435802 62.890354529936616 63.2718727867107 65.3654262019819 66.20279059861764 65.79082860370072 67.93641259325727 74.7754258387799 77.43798938929267 79.04433514076693 80.7707230717207 84.53910619262905 84.58499469826063 83.35631057128597 82.08919510234318 81.23337937078934 78.35868766098827 75.5635380926579 72.26464381854193 69.73853216894435 65.8547686162037 58.87173936554817 52.48857126102929 47.247131431976996 43.780130180285646 39.65003217795281
64.49758604324974 62.668597590989066 62.52721268279647 63.57916479820699 63.47565922954041 62.541000437302415 62.917216872550114 64.36491232987322 64.7118452816597 64.43118421081789 65.42182695898506 67.20487586079828 67.37686751895302 67.24858980185118 67.62951589715146 67.72702278456717 67.97835397046974 66.95052479301621 66.72080761947072 62.968652282752686 63.26624279169796 63.5268260883749 65.10946393671159 64.52753737506579 66.3578594991001 71.78395831975189 74.2299139282032 75.13789990484703 76.6665629953789 79.88426052456934 80.42078974038985 79.59510890029814 78.55135075679193 77.50441875075289 75.47043029797716 74.01187229863268 70.83766391688191 67.51087443681406 62.608232548570655 56.84995959358041 50.306981289677374 44.2000475521461 40.06671802585255 36.455765601527474
60.207817958578204 58.291724144830845 57.69725107553915 57.91291881881622 57.99244168800384 57.83417971939389 57.93808039519559 58.57640648296007 59.11242406208224 59.72488860737473 60.81620663327541 63.52818486110654 65.52258405645499 67.14700801403328 67.72702278456717 67.72702278456717 68.62670065698856 67.64439236558087 66.60039234506809 63.86996153047267 64.58773322484792 64.38004470412558 64.43661629862588 63.94083852938138 66.49546221521719 70.6371461854186 72.07316992311696 72.81631064654582 74.34305669478015 76.98433781307892 77.49002323152573 76.88589656134279 75.4887791267893 74.61346988461143 73.80497685128461 72.82857725229456 69.04904749956195 65.6615442756619 62.251257293313344 54.535202439807215 45.5875602235643 37.87704503918144 34.368222794439056 30.420149545577114
