includes/grid2.asc
ncols         140
nrows         100
xllcorner     -1750.0
yllcorner     -1250.0
cellsize      25.0
[rows 20 to 39 of 100, columns 0 to 43 of 140]
243.74138632964554 244.14436337759736 244.6254558184434 245.8161441572495 246.2535872118928 247.11366435637504 247.45843286174542 247.90387313217963 246.50967508684585 244.79789079130214 243.53896014804127 241.0378147732273 235.48237655053958 229.9259348142146 226.96137300601734 222.8156795823261 214.5454572135991 178.23914113140214 178.0381993547903 178.0381993547903 159.32962193660262 159.32962193660262 158.24964781877128 141.296968564524 135.04786752410277 133.53836429253232 128.01501078264275 115.65185456089183 103.73810262280271 95.19655761491589 93.10300154682845 86.48367338115615 82.3143176398596 84.02252253633407 83.25074714865997 80.47078460809321 76.65581359064966 77.97835636988 77.15697563565327 73.66504061955236 67.47021234394359 68.73017256668682 67.47021234394359 63.88475834375436
244.1176549732776 244.5555599621696 245.1104465536795 246.07754694963717 246.0388881397975 246.70431047719188 246.81193169191658 247.2602230204369 245.7323710205428 243.95612393898656 242.29816666282343 240.13682834667966 234.9199538720536 229.58718633040868 225.22071259625625 221.31789944375188 213.68291132771893 206.03828148326386 198.70719122438427 178.0381993547903 159.32962193660262 150.76866446381482 158.7301548107296 150.50348387773178 140.81026579613626 135.02263023710108 128.2246395761531 117.0222657858104 106.52936634162869 98.93548306435363 82.3143176398596 82.3143176398596 82.3143176398596 83.25074714865997 83.25074714865997 81.00130639932 77.17858200326026 77.97835636988 75.78567098073114 71.84718342104347 68.73017256668682 67.47021234394359 64.49245454532377 60.14348287383205
244.10568345270187 244.54327754606814 245.0970040990893 246.06367333702613 246.02537133826556 246.69047282323373 246.7986524571861 247.2467213795412 245.71909675235818 243.94262549978933 242.28349435351566 240.1204098323455 234.90302758374452 229.56536027021104 225.20299476276622 221.30024292786342 213.6651833145587 206.0209968699966 198.6887609605142 188.66464021441675 176.85336287793422 159.32962193660262 158.7735120141613 150.5730726101484 140.9552564950456 129.5380007763489 128.88982937536937 116.94675018299252 107.74779365244821 82.3143176398596 82.3143176398596 82.3143176398596 82.3143176398596 82.3143176398596 76.65581359064966 80.62543829038539 76.48812424606537 75.23324105911156 71.84718342104347 68.73017256668682 66.24755415879855 64.49245454532377 62.274697587111106 57.411080016852
243.68308119927067 244.08722404385463 244.56682362794683 245.75363594951156 246.19349155477337 247.05767565516064 247.40235290249848 247.84354939752384 246.4509552940532 244.74281965566055 243.4807371690378 240.96591092319883 235.4029600035412 229.84309105460656 226.87787139386234 222.73137882292968 214.470832597031 206.67810509885064 201.01933045082544 189.83014719174062 176.02973961526314 164.49825291719813 158.4458281730579 116.94675018299252 106.52936634162869 134.09604110186194 95.19655761491589 95.19655761491589 95.19655761491589 82.3143176398596 84.02252253633407 83.25074714865997 82.3143176398596 84.02252253633407 76.65581359064966 79.47304992560123 73.76660061797081 70.52205350580182 68.05637370117043 63.27542952725642 60.54290073631759 57.59000838742111 57.59000838742111 52.79617667374918
243.6830894319086 244.087231739028 244.56683067801973 245.7536413966821 246.19184667909482 247.0575349385583 247.4021525802383 247.84331023976796 246.45027756982714 244.7418177582917 243.4795057366605 240.96456926749707 235.39813636696098 229.84118817871467 226.87584122399196 222.72950740333673 214.46522319559156 206.67121490882172 201.012018308494 189.82307156757597 176.62035789232777 164.5450041884726 158.51558766052284 150.1656827041109 140.71358730494086 134.5460984189334 130.16138115762934 122.27159787144558 112.05831473658876 105.84510521933802 102.49585498387854 98.09740234514825 92.0887163312539 88.27193625935143 85.32073844212138 78.4120416828378 71.74550761115322 66.6832666022096 63.957187041812595 59.587694229751726 55.521343206538965 54.44530505801699 52.91498625310956 49.253671425011895
244.10571824625922 244.54330970405627 245.09703290397005 246.0636962138218 246.0232827222353 246.6899901902406 246.79749233177404 247.24544070901396 245.7174449940625 243.94001854729578 242.2799293481865 240.11619541775173 234.89418515834706 229.55914813968081 225.19173111768987 221.28954529026646 213.65356820803933 206.00706348904075 198.67331158552548 188.64835453337838 177.58881509814964 166.64684075946195 159.20660658216983 151.07767858129966 142.20678289488677 136.53229311202324 131.21366683829893 125.45067225859063 117.00012656767818 112.10002419777389 107.8786502005193 103.97026098611897 97.56758463720058 92.51589720890287 88.05121941308576 80.08245848025463 72.70924346314882 66.87265697749763 62.90982559750831 58.284386700238606 54.899871777839806 54.84406733612691 52.94277801982022 46.64059746804569
244.11773675300614 244.55563554718427 245.11051425745907 246.0776007198833 246.03675311781365 246.70098234940698 246.81033928091816 247.25840559326335 245.72992425817174 243.9519844360498 242.29178960253475 240.1283805196888 234.9063102790036 229.56614355530238 225.2028317543786 221.3009857160363 213.66475224429348 206.01732178998728 198.68291768269447 188.65780200497858 177.62286746263644 167.48734940335734 159.3533608645175 151.26549802471212 142.5131804605431 137.7425766641088 132.36099093146677 127.16079926918499 118.93173232264928 114.47567997425347 110.58631005838052 106.79544810961686 100.31940876976616 94.83773837356053 89.73247080863096 81.1235514773119 73.48958917330897 67.1535587175856 63.52849655958445 57.96954733976894 54.57160219002338 55.12439157603249 46.64059746804569 46.44144083404905
243.74162836920218 244.14458961569466 244.62566309058747 245.81630430406497 246.2518692937521 247.11076290630632 247.45503801030998 247.9005037087871 246.5071100180215 244.79317773517576 243.53053203048307 241.02034726707203 235.4534358183115 229.8865170949365 226.92050485077274 222.77962800356337 214.5181289481475 206.71771480144994 201.0567557039645 189.8691296997547 176.7214380988245 165.423771515518 159.53312316316996 151.2001234962882 141.45810146867822 136.56601332609537 133.58951190161815 129.08355905770534 121.45037855301226 117.36873128282816 114.93003846105417 111.24136786289952 104.3356675416408 98.14602448411932 93.46958713846027 83.5386073954552 74.18869318224976 66.16947692953227 62.346974082405524 57.15467489323319 54.27031864878529 54.840210113127775 46.44144083404905 48.437455761581155
243.76488346205088 244.1633473062442 244.64410594241525 245.84309420862476 246.2795278856334 247.1280089368162 247.4722442401891 247.92564884985435 246.53214544012638 244.8076940658169 243.54496663897135 241.0450205612125 235.47743115872578 229.9006408528632 226.93457884639193 222.80401120264992 214.53807017967574 206.72713063085092 201.06581183649857 189.88665414379795 177.33579137777008 165.4848384227064 159.61601475730396 151.30726457243838 142.6724392803477 137.591754119301 134.7790979345309 130.91639016454846 123.68261786131437 120.0977655578315 117.77907513413538 114.36059228487927 107.64807488005863 100.9243173227728 96.12944419963665 86.07127265380984 76.5145748423012 67.65391855083621 63.76231236943941 59.467597271972664 55.86574294303609 55.88918202231805 55.183900816261186 53.32956817223224
244.2088150243684 244.63878425730098 245.19185048465417 246.1755889552449 246.13285610312175 246.77639234105297 246.88213268284946 247.3469822365382 245.81770264034083 244.01941278719022 242.3590190838455 240.21533383766695 234.99217031134762 229.63221959924397 225.26407227906228 221.3822761642865 213.7442825794579 206.07606637084646 198.74009409426915 188.72904103469122 178.4347188642837 167.71532683509267 160.4487642681738 152.39683011147946 144.44912039201364 139.7858628806854 135.71926184183707 132.37023156838706 125.10142878714288 121.83923468607566 118.482421204226 115.58843430515698 109.2671139678647 102.45813473161745 96.87156746873946 88.00055814727507 80.35152064874238 72.35907043151609 67.70124529919606 63.61305966960859 60.142185998406546 60.08705828564942 58.82192215186579 57.44312853596795
244.2226728727787 244.65742953872143 245.20749071720198 246.19135078138356 246.14815922804416 246.79507085482487 246.897596381137 247.36224673090112 245.83244979274718 244.0370574199465 242.37659047245666 240.23001244623737 235.00680813673227 229.64874019595226 225.2814543548375 221.3966223039216 213.75848184055184 206.09172940249482 198.75634828788134 188.74175630432805 178.45387781190675 168.52959187435167 160.55542508351397 152.51698138401503 144.62029490715986 140.68916414919218 136.21777516987208 133.02039921589878 125.84968017977704 122.79010811149759 119.61174253257822 116.81037076324115 110.54810849224693 104.05593404725381 98.3341231231048 89.54268883831365 81.9407259847696 74.53093454308882 70.24151705473716 65.4692549488308 62.036256464246335 62.53871179083261 61.4680591463335 59.579925021408954
243.82809454558094 244.22944034851383 244.71170073476762 245.91306190508948 246.3442687054297 247.1920446993929 247.5364123317549 247.99253378487 246.59703518649715 244.87144678973098 243.60864815093421 241.10965175461862 235.54183469036212 229.9627957274836 226.99645615630172 222.86678634644656 214.60119731466767 206.7873673587032 201.1245675100696 189.94316325238233 177.40630020631454 166.30333986605783 160.5314279343765 152.1885509099106 143.11444010105788 138.90193394366824 136.57848758218418 133.58666009756814 126.8252941027784 124.04576101223446 122.20541506287597 119.37034100507043 112.91585193505335 106.3822795319071 101.82505888944041 92.56601380915532 83.89335922182377 75.59552469546972 71.95794121858665 67.79932225597112 64.5817793317917 64.84217920088228 64.38942783636286 62.96287524701984
243.835070919398 244.23282442366278 244.7152947419168 245.91618773099725 246.34982587843263 247.19599069870728 247.54042125824031 247.99591062737687 246.60254598963692 244.8753831046607 243.61257898085984 241.11511302750776 235.54676002341338 229.9666601329779 227.00029141553966 222.87221802532162 215.23300439662697 207.57091670479323 201.93423598411172 190.63890071534857 179.1318095928618 168.22151383977706 162.49163011122965 153.86493681129033 145.02199266760636 140.96179206553234 138.64192715547216 135.3199038446657 128.23384671518613 125.41005199610348 123.58193492320449 120.729383702435 113.73269247630051 107.00816717681363 102.5316298558306 94.11374018371374 85.70174676532028 77.08509324835305 73.51612016796706 70.2169286002717 67.02402439211151 66.4540646636254 66.01484554468749 65.44334916456121
244.23976600776786 244.67086014571515 245.22159694865599 246.20417845659452 246.1639471648566 246.81020676272115 246.91263519478727 247.37553000695502 245.84804174880364 244.05178769097603 242.39130006399154 240.2455142031888 235.02163102497937 229.66321613914565 226.12708590498184 222.19175820720395 214.60774636983757 207.12163842105227 200.98007179359337 190.7800317328349 180.77121794648065 171.08359317084307 163.2290059210835 154.90705398717958 147.29221682360802 143.58601423995742 139.1950778752257 135.67055841408714 128.86279501252267 125.9306983694522 122.07961175717199 119.55822553969583 113.94691003071726 107.61015752594858 101.16380411470706 94.4744859386239 88.15394331369069 80.71216226943737 76.73546293286037 73.75879267862226 70.42274301924077 69.33660420943274 68.31970736767371 68.10545787739788
244.23972348230896 244.67082084150755 245.22156174269065 246.20415049606657 246.16392338137805 246.81019193960867 246.91262801453323 247.37552637070817 245.84803880261464 244.05178330324992 242.39129220842224 240.2455020729596 235.02161783368211 230.4946706050935 226.20580275203142 222.2794984923044 214.71835356738708 208.42655981562814 201.26949655117963 191.07206721824167 181.0966805790695 170.96003166281915 163.62592525014475 155.25900372073082 147.6320250218676 143.58318100858708 139.47867655802534 135.87903484527664 129.049416917042 126.48674940845596 123.04443309615243 119.70681889082678 114.12211122723221 108.07376889911598 102.6828340089385 95.0594799686507 88.83722389742265 81.54574335886166 77.22480054199377 74.88944971864785 71.58632177574123 70.215899297734 69.10568001245109 69.25279435537927
243.83484863817245 244.2326166539816 244.71510438994792 245.91604065739128 246.34973446008277 247.19595445488346 247.54040471984752 247.99590242683286 246.6025392581777 244.8753728286853 243.61255929267045 241.1150655148122 235.54668906427528 230.7467115549478 227.86809640177157 223.68807104700335 215.51640022000691 209.0675381707704 203.6281101383886 192.22307989398564 179.98523522933115 168.84442801872328 163.16291172158805 154.43077175429698 145.93800441227944 141.61407829297116 139.1356978130821 135.61101711388332 129.31093832838272 126.88758383013258 124.9875732334728 121.50072936544267 115.30060921373142 109.15174264147892 105.09725514064831 96.7590269621444 88.72257098788904 80.61056411619076 77.49443998289952 75.31071188683764 71.93368352471855 70.68683478185497 70.22409904453164 70.3674476043135
243.72755226109928 244.13087830058896 244.61824959370398 245.83954433736238 245.97649545432313 246.7384441992729 247.07476012955675 247.6084607721274 246.07831060365734 244.2486089282008 242.98226598282662 240.5823105868635 235.7048467259876 230.2530755089289 227.40909558603536 223.3416302195532 216.99729870249075 209.9848578744567 204.6934426253421 193.22982637762973 181.52034732968545 171.44042515986996 165.8906861873695 156.78867624931559 147.4314412581972 143.6838293655309 140.98743952880113 137.0027970735511 129.8340989247971 127.07835961301338 124.94058370563997 121.88343449681042 114.14542635026244 107.80433189996677 103.83848178447164 96.5924954969423 87.96340380971992 79.99342046269953 76.96338598130824 74.3869950542865 71.60281484658016 70.64160595205826 70.13072456259181 69.8509651959617
244.08425422366187 244.52149419313025 244.60278744778321 245.6794506961489 245.64213100914904 246.18690863680357 246.0779891344413 246.64462936877035 245.1300401126998 243.21960207256234 241.5531383420581 239.51265047773117 235.0756829984748 229.86620419144262 226.59795667095645 222.7997003860462 216.5574331587774 209.92114536799986 204.81681498899542 194.68166326034273 184.35773997141249 175.8168708295389 168.61699796913064 159.87745975289567 151.5718165297334 147.96480566319073 142.59985159062842 137.9537059338732 130.92513081508193 127.55598370947708 122.39705176391753 119.20581301235856 112.62787725536337 106.4718956677953 100.27445504899148 94.1506608535115 86.85006008369497 79.84659423876002 76.38727352920012 73.76099152987427 70.82671328273199 69.65547643824056 68.5175049350307 68.10024127436198
244.05241505277007 243.94935283931255 244.5203883103422 245.59911639243256 245.55505242988858 245.86064831383254 245.9372326270636 246.51235730574243 244.9970456149344 243.0641204097865 241.394274496401 239.371635372454 234.96360832063027 230.6052384437857 226.536477158358 222.88821860611986 216.79975520262337 211.64047734655392 205.69582910547695 196.56310002939318 186.53368016669285 177.8826866825846 171.87569109369267 163.80276037098014 155.44468925275507 150.72683149911515 144.9633752369344 139.1211985449913 131.52948365787583 126.77265135646668 121.37368322882757 116.75448544163268 110.01899192228366 103.9239204869118 99.35630698083685 92.49045378377335 85.32575828098317 78.43030344638345 74.74247679566872 72.91737480403972 69.96319004381213 68.12475037365984 66.50409158042885 66.46025105651752
243.61996540512447 243.54064564956215 244.01269120117456 245.30612688986488 245.7308547890462 246.22715329994753 246.51002772207656 247.09205392957566 245.70209567431934 243.80337999788438 242.52688740104844 240.1831538245649 235.31733326866734 230.66535602321093 228.01321313810118 224.1120794570242 217.26325666737586 212.08325310098172 208.42878194114678 200.9171911699187 191.56958167322955 183.45843226336189 179.69446779413468 173.9187475084512 165.99746025402706 159.85356352424935 154.432967388619 144.0942158606117 130.63157395529979 120.73321700791752 115.52104717939483 109.62627736197084 102.87003422935042 98.22290680295649 95.24461802819339 88.77397776756172 81.99821885585513 76.19594906927045 73.85098893757541 71.47407456031169 67.56977373943481 65.25895197797932 63.96707703789038 62.65333842431558
