includes/LCred3.asc
ncols        97
nrows        71
xllcorner    910787.500000000000
yllcorner    6233337.500000000000
cellsize     25.000000000000
NODATA_value  -99999
[rows 40 to 59 of 71, columns 45 to 89 of 97]
6.2600002288818359375 6 4.3800001144409179688 3.7000000476837158203 3.2200000286102294922 2.4000000953674316406 1.8999999761581420898 2.3299999237060546875 1.870000004768371582 4.7600002288818359375 5.1500000953674316406 6.3000001907348632813 6.9200000762939453125 7.5500001907348632813 7.3600001335144042969 6.8000001907348632813 6.3200001716613769531 4.4400000572204589844 4 1.75 0.40000000596046447754 -5.3200001716613769531 -6.1900000572204589844 -6.6700000762939453125 -6.7100000381469726563 -6.8000001907348632813 -7.9400000572204589844 -8.1400003433227539063 -9.1099996566772460938 -8.3000001907348632813 -8.6899995803833007813 -9.4700002670288085938 -10.220000267028808594 -10.550000190734863281 -11.75 -11.720000267028808594 -12.18000030517578125 -12.68000030517578125 -13.31999969482421875 -15.470000267028808594 -15.060000419616699219 -15.460000038146972656 -16.1399993896484375 -16.469999313354492188 -17.280000686645507813
5.840000152587890625 5.3000001907348632813 4.1500000953674316406 3.0099999904632568359 2.6099998950958251953 1.620000004768371582 0.25 -1 -1 1.5399999618530273438 1.7899999618530273438 3.6900000572204589844 5.2800002098083496094 6.3000001907348632813 7.0300002098083496094 7.1700000762939453125 6.4000000953674316406 5.0100002288818359375 3.9200000762939453125 1.8200000524520874023 -0.60000002384185791016 -5.0700001716613769531 -5.8600001335144042969 -6.4000000953674316406 -6.5300002098083496094 -6.3800001144409179688 -7.1900000572204589844 -8.1300001144409179688 -7.4000000953674316406 -8.56999969482421875 -8.8500003814697265625 -9.8100004196166992188 -10.600000381469726563 -11.020000457763671875 -11.420000076293945313 -12.140000343322753906 -12.420000076293945313 -13.140000343322753906 -13.590000152587890625 -14.800000190734863281 -15.359999656677246094 -15.390000343322753906 -16.100000381469726563 -17.25 -17.70999908447265625
4.9400000572204589844 4.4800000190734863281 3.9700000286102294922 2.7699999809265136719 1.9800000190734863281 1.2999999523162841797 -1 -1 -1 -2.2100000381469726563 -1 1.6699999570846557617 1.8500000238418579102 4.840000152587890625 5.6500000953674316406 6.7800002098083496094 6.2800002098083496094 5.2300000190734863281 3.7999999523162841797 1.7699999809265136719 0.28000000119209289551 -4.6500000953674316406 -5.5300002098083496094 -5.8000001907348632813 -5.4200000762939453125 -5.4600000381469726563 -6.3200001716613769531 -6.7600002288818359375 -7.8600001335144042969 -8.68000030517578125 -9.340000152587890625 -9.8100004196166992188 -10.689999580383300781 -11.090000152587890625 -11.470000267028808594 -11.81999969482421875 -12.920000076293945313 -13.43000030517578125 -13.729999542236328125 -14.399999618530273438 -15.109999656677246094 -15.760000228881835938 -16.520000457763671875 -17.590000152587890625 -18.170000076293945313
4.8800001144409179688 3.9400000572204589844 3.5799999237060546875 2.2599999904632568359 1.6000000238418579102 -2.4500000476837158203 -1 -1 -3.2699999809265136719 -3.9500000476837158203 -2.3099999427795410156 -1 -1 1.629999995231628418 2.0999999046325683594 4.6700000762939453125 5.9800000190734863281 5.4600000381469726563 3.4900000095367431641 1.7400000095367431641 -0.31000000238418579102 -4.5100002288818359375 -5.9200000762939453125 -5.4600000381469726563 -5.4800000190734863281 -5.7600002288818359375 -6.5500001907348632813 -7.340000152587890625 -8.1700000762939453125 -8.93000030517578125 -9.3100004196166992188 -10.050000190734863281 -10.81999969482421875 -11.5 -11.880000114440917969 -12.25 -13.220000267028808594 -13.609999656677246094 -13.770000457763671875 -14.529999732971191406 -15.310000419616699219 -15.729999542236328125 -16.54000091552734375 -17.1399993896484375 -18.45999908447265625
4.7600002288818359375 3.8399999141693115234 2.6300001144409179688 1.9400000572204589844 1.0499999523162841797 -3.9500000476837158203 -3.3800001144409179688 -4.090000152587890625 -5.090000152587890625 -5.4400000572204589844 -5.0300002098083496094 -1 -1 -1 1.3500000238418579102 1.9199999570846557617 2.8900001049041748047 2.7599999904632568359 3.2799999713897705078 1.75 0.87000000476837158203 -5.1100001335144042969 -5.4200000762939453125 -5.4400000572204589844 -5.4600000381469726563 -5.9600000381469726563 -6.7800002098083496094 -7.75 -8.4399995803833007813 -9.0600004196166992188 -9.6000003814697265625 -10.380000114440917969 -10.850000381469726563 -11.81999969482421875 -12.18000030517578125 -12.720000267028808594 -13.020000457763671875 -13.550000190734863281 -14.56999969482421875 -14.670000076293945313 -15.479999542236328125 -16.45999908447265625 -16.940000534057617188 -99999 -99999
3.7799999713897705078 3.1600000858306884766 2.2799999713897705078 1.8300000429153442383 -1 -3.8399999141693115234 -3.7000000476837158203 -5.8800001144409179688 -6.2300000190734863281 -6.6500000953674316406 -7.6100001335144042969 -3.5 -1 -2.0499999523162841797 -3.3800001144409179688 -3.2200000286102294922 0.15000000596046447754 2.3800001144409179688 3.25 2.5899999141693115234 0.10000000149011611938 -4.7800002098083496094 -5.3000001907348632813 -5.340000152587890625 -6 -6.590000152587890625 -8.520000457763671875 -8.8500003814697265625 -8.7200002670288085938 -9.31999969482421875 -10.210000038146972656 -10.479999542236328125 -10.899999618530273438 -11.270000457763671875 -12.350000381469726563 -12.93000030517578125 -13.520000457763671875 -14.340000152587890625 -14.689999580383300781 -14.770000457763671875 -15.68000030517578125 -16.3600006103515625 -17.31999969482421875 -99999 -99999
3.4400000572204589844 2.75 2.4200000762939453125 1.2300000190734863281 -1 -1 -1 -6.6900000572204589844 -3.6300001144409179688 -7.5700001716613769531 -7.6700000762939453125 -7.3600001335144042969 -4.9000000953674316406 -5.590000152587890625 -7.1300001144409179688 -7.4000000953674316406 -1 0.74000000953674316406 2 2.5599999427795410156 2.1400001049041748047 -4.1300001144409179688 -4.6900000572204589844 -5.8600001335144042969 -6.4600000381469726563 -8.5600004196166992188 -9.1300001144409179688 -9.3100004196166992188 -8.8100004196166992188 -9.6099996566772460938 -10.310000419616699219 -10.859999656677246094 -11.460000038146972656 -11.630000114440917969 -12.18000030517578125 -13.18000030517578125 -13.609999656677246094 -14.689999580383300781 -14.710000038146972656 -15.31999969482421875 -15.729999542236328125 -16.469999313354492188 -17.420000076293945313 -99999 -99999
4.840000152587890625 3.75 2.0899999141693115234 1.120000004768371582 -1 -1 -1 -1 -1 -1 -1 -1.7000000476837158203 -8 -7.5300002098083496094 -7.6900000572204589844 -8.68000030517578125 -8.8000001907348632813 -2.3599998950958251953 -1 2.0499999523162841797 2.6600000858306884766 1.7000000476837158203 -5.4200000762939453125 -5.8800001144409179688 -7.9200000762939453125 -9.18000030517578125 -9.1000003814697265625 -8.340000152587890625 -8.93000030517578125 -9.6300001144409179688 -10.18000030517578125 -10.720000267028808594 -11.68000030517578125 -12.140000343322753906 -12.479999542236328125 -13.550000190734863281 -13.93000030517578125 -14.729999542236328125 -14.979999542236328125 -15.43000030517578125 -16.06999969482421875 -16.79000091552734375 -17.54000091552734375 -99999 -99999
5.1300001144409179688 4.0100002288818359375 2.8199999332427978516 1.1599999666213989258 -1 -1 -1 -1 -1 -1 -1 -1 -3.9400000572204589844 -7.5300002098083496094 -7.9200000762939453125 -1 -6.3200001716613769531 -7.6900000572204589844 -7.5 -1 6.2300000190734863281 2.7100000381469726563 -0.86000001430511474609 -6.2800002098083496094 -9.1499996185302734375 -9.340000152587890625 -8.6400003433227539063 -8.6400003433227539063 -9.1300001144409179688 -9.6899995803833007813 -10.439999580383300781 -11.090000152587890625 -11.68000030517578125 -14.060000419616699219 -13.890000343322753906 -13.359999656677246094 -13.979999542236328125 -14.140000343322753906 -14.93000030517578125 -15.470000267028808594 -16.04000091552734375 -16.29000091552734375 -17.280000686645507813 -99999 -99999
4.590000152587890625 3.2699999809265136719 2.0999999046325683594 1.2599999904632568359 -1 -1 -1 2.4000000953674316406 1.5 1.75 1.5900000333786010742 -1 -7.3600001335144042969 -8.1899995803833007813 -1 -1 -2.4800000190734863281 -7.590000152587890625 -7.6300001144409179688 -6.6100001335144042969 1.7899999618530273438 2.8299999237060546875 -4.5100002288818359375 -8.840000152587890625 -9.1300001144409179688 -9.3999996185302734375 -8.5 -9.1400003433227539063 -9.81999969482421875 -10.189999580383300781 -10.970000267028808594 -11.43000030517578125 -11.770000457763671875 -14.270000457763671875 -14.560000419616699219 -13.600000381469726563 -14.010000228881835938 -14.5 -15.020000457763671875 -15.550000190734863281 -16.06999969482421875 -16.370000839233398438 -17.54000091552734375 -99999 -99999
4.3200001716613769531 4.5300002098083496094 1.9400000572204589844 1.7100000381469726563 1.5 1.5800000429153442383 1.9199999570846557617 1.879999995231628418 2.0799999237060546875 1.879999995231628418 1.5 0.28000000119209289551 -1.9400000572204589844 -8.8999996185302734375 -1.1699999570846557617 -1.7799999713897705078 -7.4400000572204589844 -7.590000152587890625 -7.7300000190734863281 -7.8200001716613769531 -7.590000152587890625 -6.9200000762939453125 -8.5299997329711914063 -8.979999542236328125 -9.3100004196166992188 -8.6700000762939453125 -8.979999542236328125 -9.5 -10.149999618530273438 -10.510000228881835938 -11.029999732971191406 -11.770000457763671875 -11.810000419616699219 -12.5 -13.340000152587890625 -14.06999969482421875 -14.520000457763671875 -15.020000457763671875 -15.479999542236328125 -16.06999969482421875 -16.56999969482421875 -17.04000091552734375 -17.620000839233398438 -99999 -99999
6.1900000572204589844 6.1300001144409179688 3.1600000858306884766 1.870000004768371582 1.6399999856948852539 2.0099999904632568359 2.0499999523162841797 1.7300000190734863281 1.7300000190734863281 1.5800000429153442383 1.4199999570846557617 1.1599999666213989258 -8.020000457763671875 -1 -1 -6.9800000190734863281 -6.9400000572204589844 -8.6400003433227539063 -9.6000003814697265625 -9.8500003814697265625 -9.6000003814697265625 -8.3900003433227539063 -8.5100002288818359375 -8.7200002670288085938 -10.020000457763671875 -3.4000000953674316406 -1 -12.140000343322753906 -10.550000190734863281 -10.970000267028808594 -11.470000267028808594 -11.810000419616699219 -12.100000381469726563 -12.75 -13.640000343322753906 -14.340000152587890625 -14.479999542236328125 -14.720000267028808594 -15.43000030517578125 -16.479999542236328125 -16.68000030517578125 -17.1100006103515625 -17.950000762939453125 -99999 -99999
7.840000152587890625 5.3800001144409179688 4.9400000572204589844 2.4200000762939453125 1.9099999666213989258 1.870000004768371582 1.7799999713897705078 1.6699999570846557617 1.75 1.6000000238418579102 1.2200000286102294922 -5.8200001716613769531 -7.5 -2.0999999046325683594 -1 -6.4400000572204589844 -5.7600002288818359375 -3.3199999332427978516 -1 -1 -9.4700002670288085938 -10.31999969482421875 -9.6400003433227539063 -4.3200001716613769531 2.1300001144409179688 2.2100000381469726563 2.0699999332427978516 2.2400000095367431641 -11.800000190734863281 -10.880000114440917969 -11.390000343322753906 -11.670000076293945313 -12.279999732971191406 -5.4800000190734863281 -13.340000152587890625 -14.050000190734863281 -14.510000228881835938 -15.010000228881835938 -15.890000343322753906 -16.25 -16.93000030517578125 -17.440000534057617188 -17.79000091552734375 -99999 -99999
8.0600004196166992188 7.1300001144409179688 6.75 3.6500000953674316406 2.3299999237060546875 1.7400000095367431641 1.9500000476837158203 1.7799999713897705078 1.8200000524520874023 1.1599999666213989258 -4.7100000381469726563 -4.4600000381469726563 -7.1100001335144042969 -5.1900000572204589844 -3 1.9900000095367431641 2 2.2300000190734863281 3.5299999713897705078 2.4000000953674316406 -9.1000003814697265625 -10.229999542236328125 -2.4600000381469726563 2.2100000381469726563 2.2300000190734863281 2.0399999618530273438 2.1600000858306884766 -11.029999732971191406 -10.93000030517578125 -11.100000381469726563 -11.560000419616699219 -11.649999618530273438 -5.9400000572204589844 2.9100000858306884766 -11.06999969482421875 -13.890000343322753906 -14.460000038146972656 -15.020000457763671875 -15.75 -16.170000076293945313 -16.70999908447265625 -17.31999969482421875 -18.1100006103515625 -99999 -99999
9.4399995803833007813 9.520000457763671875 8.3900003433227539063 5.9800000190734863281 5.3600001335144042969 3.4700000286102294922 2.8299999237060546875 2.5299999713897705078 1.7200000286102294922 1.1000000238418579102 -1.5199999809265136719 -5.2300000190734863281 -6.0500001907348632813 -4.3200001716613769531 2.1600000858306884766 3.7799999713897705078 3.7200000286102294922 3.4700000286102294922 2.2699999809265136719 -9.020000457763671875 -9.4200000762939453125 -5.340000152587890625 2.3299999237060546875 2.0799999237060546875 2.2200000286102294922 2.25 -10.850000381469726563 -11.220000267028808594 -10.670000076293945313 -10.93000030517578125 -11.170000076293945313 -11 2.2699999809265136719 -2.9100000858306884766 -12.279999732971191406 -14.25 -14.800000190734863281 -15.18000030517578125 -15.729999542236328125 -16.440000534057617188 -17.170000076293945313 -18.090000152587890625 -18.1399993896484375 -99999 -99999
12.590000152587890625 12.960000038146972656 10.970000267028808594 7.2100000381469726563 6.8600001335144042969 4.1900000572204589844 3.6300001144409179688 3.4200000762939453125 2.8199999332427978516 0.92000001668930053711 1.1000000238418579102 -4.7600002288818359375 -5.4200000762939453125 2.3900001049041748047 3.8800001144409179688 3.6500000953674316406 3.8199999332427978516 2.1800000667572021484 -9.270000457763671875 -9.25 -9.1700000762939453125 2.4500000476837158203 2.1600000858306884766 2.0599999427795410156 2.3800001144409179688 -1.8300000429153442383 -10.960000038146972656 -11.130000114440917969 -10.850000381469726563 -11.100000381469726563 -10.649999618530273438 -8.340000152587890625 3.4100000858306884766 -8.7200002670288085938 -13.050000190734863281 -14.5 -14.810000419616699219 -15.600000381469726563 -15.939999580383300781 -16.350000381469726563 -17.54000091552734375 -17.8899993896484375 -18.8600006103515625 -99999 -99999
15.140000343322753906 14.720000267028808594 13.93000030517578125 8.8900003433227539063 7.2800002098083496094 6.4200000762939453125 5.25 5.0100002288818359375 3.7899999618530273438 4.2300000190734863281 -2.7699999809265136719 -2.75 1.3400000333786010742 3.7699999809265136719 3.4500000476837158203 3.4600000381469726563 2.1400001049041748047 -9.25 -9.2600002288818359375 -8.979999542236328125 2.3499999046325683594 1.870000004768371582 2.4500000476837158203 2.4000000953674316406 2.1600000858306884766 -10.18000030517578125 -10.890000343322753906 -10.300000190734863281 -10.640000343322753906 -1 0.57999998331069946289 2 -3.5299999713897705078 -9.8999996185302734375 -13.340000152587890625 -14.06999969482421875 -14.770000457763671875 -15.380000114440917969 -16.120000839233398438 -17.090000152587890625 -17.620000839233398438 -18.20999908447265625 -18.870000839233398438 -99999 -99999
14.43000030517578125 14.779999732971191406 13.470000267028808594 10.520000457763671875 7.5500001907348632813 6.2300000190734863281 5.9800000190734863281 5.7600002288818359375 5.0500001907348632813 0.5 -0.67000001668930053711 5.5700001716613769531 1.6699999570846557617 3.5799999237060546875 3.7000000476837158203 2.4600000381469726563 -8.020000457763671875 -9.25 -9.1499996185302734375 0.40999999642372131348 2.0699999332427978516 2.25 2.3399999141693115234 2.2200000286102294922 -9.840000152587890625 -9.6899995803833007813 -10.100000381469726563 -10.510000228881835938 -1 2.1300001144409179688 1.9099999666213989258 0.72000002861022949219 -7.7300000190734863281 -12.279999732971191406 -14 -14.420000076293945313 -15.029999732971191406 -15.600000381469726563 -16.43000030517578125 -17.379999160766601563 -18.04000091552734375 -18.75 -19.120000839233398438 -99999 -99999
12.470000267028808594 15.359999656677246094 15.18000030517578125 7.7800002098083496094 7.9800000190734863281 7.3200001716613769531 6.3000001907348632813 6.1700000762939453125 5.4000000953674316406 0.76999998092651367188 0.20999999344348907471 4.1700000762939453125 3.8199999332427978516 3.7100000381469726563 3.4400000572204589844 2.2899999618530273438 -9.3000001907348632813 -9.2200002670288085938 -8.590000152587890625 2.2300000190734863281 2.1300001144409179688 2.2599999904632568359 2.1500000953674316406 -9.2200002670288085938 -9.1300001144409179688 -9.6700000762939453125 -10.390000343322753906 -1 2.0599999427795410156 1.8600000143051147461 3.4700000286102294922 -2.6099998950958251953 -11.649999618530273438 -13.270000457763671875 -14.310000419616699219 -14.560000419616699219 -15.060000419616699219 -16.049999237060546875 -16.79000091552734375 -17.79000091552734375 -18.530000686645507813 -19.469999313354492188 -19.590000152587890625 -99999 -99999
8.770000457763671875 8.770000457763671875 6.840000152587890625 7.2100000381469726563 7.5 6.8000001907348632813 6.1100001335144042969 5.7800002098083496094 2.8399999141693115234 1.7999999523162841797 5.4400000572204589844 3.8399999141693115234 4.090000152587890625 3.6099998950958251953 2.4100000858306884766 -9.2799997329711914063 -9.2200002670288085938 -9.1499996185302734375 2.2300000190734863281 2.0099999904632568359 2.4400000572204589844 2.4600000381469726563 -4.340000152587890625 -8.7100000381469726563 -9.229999542236328125 -9.8599996566772460938 -9.81999969482421875 1.9900000095367431641 2.2000000476837158203 2.0899999141693115234 2.6400001049041748047 2.4700000286102294922 -12.18000030517578125 -13.840000152587890625 -14.590000152587890625 -15.050000190734863281 -15.43000030517578125 -16.219999313354492188 -16.899999618530273438 -18.090000152587890625 -19.059999465942382813 -19.950000762939453125 -20.29000091552734375 -99999 -99999
