includes/LCred3.asc
ncols        97
nrows        71
xllcorner    910787.500000000000
yllcorner    6233337.500000000000
cellsize     25.000000000000
NODATA_value  -99999
[rows 20 to 39 of 71, columns 45 to 89 of 97]
20.54000091552734375 19.920000076293945313 20.879999160766601563 22.04000091552734375 23.010000228881835938 23.56999969482421875 23.370000839233398438 22.690000534057617188 22.25 20.979999542236328125 20.350000381469726563 18.760000228881835938 17.809999465942382813 17.450000762939453125 17.760000228881835938 16.260000228881835938 12.140000343322753906 10.710000038146972656 7.6900000572204589844 4.7600002288818359375 4.3800001144409179688 1.2999999523162841797 -1.5800000429153442383 -1.9099999666213989258 0.81999999284744262695 1.120000004768371582 1.2799999713897705078 -2.5799999237060546875 -2.9800000190734863281 -3.2400000095367431641 -4.1500000953674316406 -3.5899999141693115234 -4.1500000953674316406 -4.090000152587890625 -4.1700000762939453125 -4.1900000572204589844 -5.7600002288818359375 -5.5100002288818359375 -6.9800000190734863281 -6.5700001716613769531 -6.9600000381469726563 -7.5300002098083496094 -7.9200000762939453125 -7.8600001335144042969 -8.3900003433227539063
19.420000076293945313 18.5 18.340000152587890625 21.75 24.3600006103515625 26.030000686645507813 25.760000228881835938 22.840000152587890625 21.590000152587890625 21.04000091552734375 19.280000686645507813 18.780000686645507813 17.649999618530273438 17.450000762939453125 17.379999160766601563 15.189999580383300781 12.270000457763671875 10.060000419616699219 7.4600000381469726563 5.1100001335144042969 1.370000004768371582 1.1699999570846557617 -2 -2.5399999618530273438 -2.3900001049041748047 -2.7000000476837158203 -0.23000000417232513428 1.870000004768371582 -2.7100000381469726563 -3.75 -4.3800001144409179688 -4.1100001335144042969 -4.3200001716613769531 -5.090000152587890625 -4.2600002288818359375 -4.5100002288818359375 -5.8000001907348632813 -6.090000152587890625 -6.1100001335144042969 -6.4200000762939453125 -7.7600002288818359375 -7.2800002098083496094 -7.8600001335144042969 -8.7799997329711914063 -8.3100004196166992188
18.440000534057617188 17.969999313354492188 17.6100006103515625 21.54000091552734375 25.450000762939453125 26.370000839233398438 25.870000839233398438 21.200000762939453125 19.780000686645507813 19.450000762939453125 18.95999908447265625 18.45999908447265625 17.840000152587890625 17.04000091552734375 16.620000839233398438 15.130000114440917969 12.350000381469726563 9.9700002670288085938 6.8800001144409179688 5.4600000381469726563 1.4199999570846557617 0.69999998807907104492 -2.3900001049041748047 -2.6500000953674316406 -2.6700000762939453125 -3.1300001144409179688 1 -2.9100000858306884766 -2.9200000762939453125 -4.3800001144409179688 -4.0500001907348632813 -4.7800002098083496094 -5.6500000953674316406 -5.3200001716613769531 -4.7300000190734863281 -5.9400000572204589844 -5.6100001335144042969 -5.9200000762939453125 -6.1100001335144042969 -8.0100002288818359375 -7.8800001144409179688 -9.0299997329711914063 -8.6099996566772460938 -8.68000030517578125 -8.2100000381469726563
17.29000091552734375 15.970000267028808594 15.75 16.090000152587890625 21.450000762939453125 22.129999160766601563 21.43000030517578125 20.090000152587890625 19.54000091552734375 19.04000091552734375 18.75 17.840000152587890625 17.950000762939453125 16.979999542236328125 16.420000076293945313 14.350000381469726563 11.590000152587890625 10.149999618530273438 7.2600002288818359375 5.3000001907348632813 1.3500000238418579102 -0.85000002384185791016 -3.2699999809265136719 -3.6500000953674316406 -3.1800000667572021484 -2.9700000286102294922 2.7300000190734863281 -2.5599999427795410156 -3.5499999523162841797 -4.5100002288818359375 -4.2800002098083496094 -4.840000152587890625 -5.7600002288818359375 -5.9200000762939453125 -5.3600001335144042969 -5.4400000572204589844 -5.6900000572204589844 -6.1300001144409179688 -6.4400000572204589844 -6.5 -6.4200000762939453125 -6.7600002288818359375 -7.0300002098083496094 -7.4400000572204589844 -8.2799997329711914063
16.3899993896484375 15.220000267028808594 14.649999618530273438 15.090000152587890625 20.120000839233398438 21.059999465942382813 20.879999160766601563 20.559999465942382813 19.20999908447265625 18.840000152587890625 18.200000762939453125 18.04000091552734375 17.530000686645507813 17.149999618530273438 15.109999656677246094 13.720000267028808594 11.600000381469726563 9.2200002670288085938 6.4200000762939453125 4.9600000381469726563 1.370000004768371582 -2.8399999141693115234 -2.5799999237060546875 -3.6800000667572021484 -3.5 -0.050000000745058059692 -0.63999998569488525391 -4.0100002288818359375 -3.3800001144409179688 -5.5300002098083496094 -4.840000152587890625 -5.1900000572204589844 -6.4000000953674316406 -6.4200000762939453125 -5.8200001716613769531 -5.7800002098083496094 -7.340000152587890625 -6.4600000381469726563 -6.7100000381469726563 -6.8000001907348632813 -7.0700001716613769531 -7.2600002288818359375 -7.6700000762939453125 -8.270000457763671875 -8.81999969482421875
15.460000038146972656 14.640000343322753906 13.260000228881835938 13.689999580383300781 16.350000381469726563 21.370000839233398438 20.649999618530273438 19.879999160766601563 19 17.93000030517578125 17.79000091552734375 17.629999160766601563 16.950000762939453125 16.100000381469726563 15.390000343322753906 12.75 11.43000030517578125 7.0100002288818359375 5.1100001335144042969 4.6700000762939453125 1.1699999570846557617 -3.0199999809265136719 -3.7000000476837158203 -3.8399999141693115234 -3.6900000572204589844 0.86000001430511474609 -4.9400000572204589844 -4.590000152587890625 -5.3600001335144042969 -5.090000152587890625 -5.3800001144409179688 -5.75 -6.4000000953674316406 -6.7300000190734863281 -6.1300001144409179688 -6.9600000381469726563 -6.4800000190734863281 -6.7300000190734863281 -6.5700001716613769531 -7.1500000953674316406 -7.5300002098083496094 -7.7800002098083496094 -8.31999969482421875 -8.8599996566772460938 -9.3900003433227539063
13.609999656677246094 13.479999542236328125 12.020000457763671875 12.010000228881835938 16.719999313354492188 19.200000762939453125 19.379999160766601563 18.43000030517578125 18.04000091552734375 17.379999160766601563 16.940000534057617188 16.43000030517578125 16.340000152587890625 16.3899993896484375 14.279999732971191406 13.31999969482421875 10.06999969482421875 7.3000001907348632813 4.75 4.6100001335144042969 1.3600000143051147461 -2.9900000095367431641 -3.9300000667572021484 -3.75 -4 -0.14000000059604644775 -4.9000000953674316406 1.3300000429153442383 -5.5 -5.8800001144409179688 -6.4400000572204589844 -6.9400000572204589844 -5.840000152587890625 -5.4400000572204589844 -5.4400000572204589844 -5.8000001907348632813 -5.9400000572204589844 -6.3000001907348632813 -7.0500001907348632813 -7.5100002288818359375 -7.7800002098083496094 -8.1099996566772460938 -8.8800001144409179688 -9.3900003433227539063 -9.8800001144409179688
12.770000457763671875 11.859999656677246094 10.880000114440917969 11.420000076293945313 12.170000076293945313 17.440000534057617188 18.059999465942382813 18.43000030517578125 17.200000762939453125 17 16.870000839233398438 16.229999542236328125 15.560000419616699219 14.970000267028808594 14.420000076293945313 13.060000419616699219 10.979999542236328125 8.4600000381469726563 4.9200000762939453125 4.6900000572204589844 1.2300000190734863281 -2.5299999713897705078 -3.1300001144409179688 -3.8800001144409179688 -4.2100000381469726563 -4.6500000953674316406 1.75 -3.4300000667572021484 -5.590000152587890625 -6.6500000953674316406 -6.3800001144409179688 -6.5300002098083496094 -5.5500001907348632813 -5.7300000190734863281 -6.1500000953674316406 -6.2600002288818359375 -6.4000000953674316406 -6.8600001335144042969 -7.2800002098083496094 -7.8200001716613769531 -8.18000030517578125 -8.8900003433227539063 -9.340000152587890625 -9.9700002670288085938 -10.590000152587890625
11.420000076293945313 10.970000267028808594 10.640000343322753906 10.649999618530273438 10.31999969482421875 15.800000190734863281 15.899999618530273438 16.370000839233398438 15.93000030517578125 15.800000190734863281 15.880000114440917969 15.689999580383300781 15.800000190734863281 14.399999618530273438 14.31999969482421875 12.520000457763671875 10.100000381469726563 7.6300001144409179688 4.840000152587890625 4.340000152587890625 0.91000002622604370117 -2 -2.6900000572204589844 -3.3399999141693115234 -4.5500001907348632813 0.91000002622604370117 0.46000000834465026855 -6.2300000190734863281 -6.6300001144409179688 -6.4000000953674316406 -6.1300001144409179688 -5.5300002098083496094 -5.9000000953674316406 -6.1100001335144042969 -6.3600001335144042969 -6.590000152587890625 -6.9800000190734863281 -7.340000152587890625 -7.7800002098083496094 -8.2600002288818359375 -8.7200002670288085938 -9.43000030517578125 -9.770000457763671875 -10.310000419616699219 -11.020000457763671875
11.640000343322753906 10.649999618530273438 10.31999969482421875 9.3999996185302734375 9.3500003814697265625 12.779999732971191406 14.090000152587890625 15.229999542236328125 17.8600006103515625 14.18000030517578125 13.859999656677246094 13.529999732971191406 13.640000343322753906 13.220000267028808594 13.920000076293945313 13.210000038146972656 11.600000381469726563 9.7600002288818359375 5.2600002288818359375 4.2100000381469726563 1.25 1.1699999570846557617 0.87000000476837158203 -0.25 -3.5199999809265136719 3.0499999523162841797 -3.8099999427795410156 -5.8200001716613769531 -5.9800000190734863281 -5.6700000762939453125 -5.4800000190734863281 -5.9600000381469726563 -6.090000152587890625 -6.5 -6.840000152587890625 -7.1700000762939453125 -7.4000000953674316406 -7.9400000572204589844 -8.270000457763671875 -8.81999969482421875 -9.68000030517578125 -9.8599996566772460938 -10.220000267028808594 -10.859999656677246094 -11.310000419616699219
11.260000228881835938 10.670000076293945313 10.609999656677246094 9.6000003814697265625 8.9600000381469726563 11.31999969482421875 13.270000457763671875 13.800000190734863281 13.43000030517578125 13.899999618530273438 13.060000419616699219 12.920000076293945313 12.350000381469726563 12.220000267028808594 12.859999656677246094 12.899999618530273438 10.720000267028808594 7.4600000381469726563 4.6300001144409179688 4.1100001335144042969 1.5900000333786010742 1.7100000381469726563 1.370000004768371582 1.129999995231628418 0.99000000953674316406 0 -6.4000000953674316406 -5.6100001335144042969 -5.4000000953674316406 -5.2600002288818359375 -5.8600001335144042969 -6.1900000572204589844 -6.5500001907348632813 -7.0100002288818359375 -7.0500001907348632813 -7.6700000762939453125 -8.1099996566772460938 -8.4700002670288085938 -8.840000152587890625 -9.5299997329711914063 -10.279999732971191406 -10.609999656677246094 -11.029999732971191406 -11.210000038146972656 -11.93000030517578125
11.020000457763671875 10.720000267028808594 10.279999732971191406 8.8500003814697265625 9.2200002670288085938 10.390000343322753906 9.8599996566772460938 11.170000076293945313 12.850000381469726563 12.609999656677246094 11.93000030517578125 12.270000457763671875 11.310000419616699219 11.390000343322753906 12.109999656677246094 12.260000228881835938 12.310000419616699219 9.5500001907348632813 4.4600000381469726563 4.1100001335144042969 1.4400000572204589844 1.1699999570846557617 1.1599999666213989258 1.1699999570846557617 0.80000001192092895508 -0.31000000238418579102 -5.590000152587890625 -5.590000152587890625 -5.4600000381469726563 -5.7300000190734863281 -6.4800000190734863281 -6.8600001335144042969 -7.0700001716613769531 -7.3200001716613769531 -7.7300000190734863281 -7.9200000762939453125 -8.43000030517578125 -8.8000001907348632813 -9.4399995803833007813 -9.6899995803833007813 -10.609999656677246094 -11.43000030517578125 -11.770000457763671875 -11.970000267028808594 -12.100000381469726563
10.350000381469726563 9.5299997329711914063 9.6300001144409179688 8.4600000381469726563 9.1700000762939453125 9.06999969482421875 9.43000030517578125 11.109999656677246094 12.600000381469726563 11.43000030517578125 10.359999656677246094 10.270000457763671875 9.979999542236328125 10.479999542236328125 11.479999542236328125 11.229999542236328125 10.43000030517578125 7.9400000572204589844 4.5700001716613769531 4.1900000572204589844 1.0099999904632568359 0.20999999344348907471 0.97000002861022949219 1 0.97000002861022949219 1.0299999713897705078 -5.7600002288818359375 -5.3800001144409179688 -5.4200000762939453125 -6.2600002288818359375 -6.6300001144409179688 -7.2600002288818359375 -7.5700001716613769531 -8.020000457763671875 -8.2200002670288085938 -8.340000152587890625 -8.8100004196166992188 -9.3100004196166992188 -9.8999996185302734375 -10.68000030517578125 -10.960000038146972656 -11.68000030517578125 -12.5 -12.460000038146972656 -12.800000190734863281
9.6499996185302734375 8.8900003433227539063 8.1099996566772460938 8.3500003814697265625 8.56999969482421875 7.1500000953674316406 7.6100001335144042969 11.590000152587890625 11.090000152587890625 10.590000152587890625 9.5299997329711914063 9.3900003433227539063 9.3100004196166992188 9.520000457763671875 10.340000152587890625 10.43000030517578125 9.3500003814697265625 6.9800000190734863281 4.5300002098083496094 1.2599999904632568359 0.87000000476837158203 -2.9100000858306884766 -3.9200000762939453125 -4.1100001335144042969 1 -0.97000002861022949219 -5.7800002098083496094 -6.3000001907348632813 -5.7600002288818359375 -6.1300001144409179688 -6.7800002098083496094 -7.5700001716613769531 -8.020000457763671875 -8.3000001907348632813 -8.5600004196166992188 -8.840000152587890625 -9.340000152587890625 -9.770000457763671875 -10.670000076293945313 -11.229999542236328125 -11.470000267028808594 -12.390000343322753906 -12.520000457763671875 -13.109999656677246094 -13.520000457763671875
9.020000457763671875 8.2200002670288085938 7.75 6.1100001335144042969 6.0100002288818359375 6.7600002288818359375 7.5100002288818359375 9.4399995803833007813 10.06999969482421875 9.770000457763671875 9.1899995803833007813 8.8100004196166992188 8.5500001907348632813 8.8999996185302734375 9.93000030517578125 9.340000152587890625 7.6100001335144042969 6.3200001716613769531 4.4200000762939453125 1.2100000381469726563 0.99000000953674316406 -2.8800001144409179688 -3.8800001144409179688 -4.7600002288818359375 0.050000000745058059692 -0.23000000417232513428 -7.3800001144409179688 -7.7600002288818359375 -5.9000000953674316406 -6.2600002288818359375 -6.8000001907348632813 -7.7300000190734863281 -8.3100004196166992188 -8.8500003814697265625 -9.3900003433227539063 -9.5 -9.93000030517578125 -10.43000030517578125 -10.600000381469726563 -11.100000381469726563 -12.350000381469726563 -12.720000267028808594 -12.850000381469726563 -13.600000381469726563 -13.460000038146972656
8.270000457763671875 7.5500001907348632813 7.0700001716613769531 5.7800002098083496094 5.75 5.9600000381469726563 5.7600002288818359375 8.979999542236328125 9.68000030517578125 9.1300001144409179688 8.7200002670288085938 8.3500003814697265625 8.3800001144409179688 8.18000030517578125 8.3999996185302734375 8.0600004196166992188 6.4600000381469726563 5.4000000953674316406 4.4200000762939453125 1.129999995231628418 -1.6900000572204589844 -3.5899999141693115234 -4.2100000381469726563 -4.7300000190734863281 -3.2200000286102294922 0.029999999329447746277 -7.1300001144409179688 -7.8600001335144042969 -6.6900000572204589844 -6.9600000381469726563 -7.1100001335144042969 -7.75 -8.8100004196166992188 -9.1000003814697265625 -9.5 -10.090000152587890625 -10.5 -10.560000419616699219 -11.470000267028808594 -11.970000267028808594 -12.470000267028808594 -12.729999542236328125 -13.510000228881835938 -14.100000381469726563 -14.260000228881835938
7.6500000953674316406 7.2100000381469726563 6.3000001907348632813 4.6700000762939453125 4.9200000762939453125 5.590000152587890625 5.8000001907348632813 7.9600000381469726563 9.3900003433227539063 9.1700000762939453125 8.729999542236328125 8.2200002670288085938 8 7.840000152587890625 7.7100000381469726563 7.090000152587890625 7.0100002288818359375 4.590000152587890625 4.3800001144409179688 1.5199999809265136719 -1.9500000476837158203 -3.9000000953674316406 -4.8800001144409179688 -4.9600000381469726563 -2.2999999523162841797 -0.0099999997764825820923 -7.9200000762939453125 -8.1000003814697265625 -6.6900000572204589844 -8.4399995803833007813 -7.0700001716613769531 -8.2100000381469726563 -8.979999542236328125 -9.3900003433227539063 -9.8900003433227539063 -10.31999969482421875 -11.100000381469726563 -11.279999732971191406 -11.890000343322753906 -12.340000152587890625 -13.090000152587890625 -13.600000381469726563 -13.939999580383300781 -14.359999656677246094 -14.810000419616699219
7.3600001335144042969 6.8000001907348632813 6.4000000953674316406 4.4800000190734863281 3.8800001144409179688 4.7300000190734863281 5.5300002098083496094 6.7300000190734863281 8.7799997329711914063 8.7100000381469726563 8.229999542236328125 7.6900000572204589844 7.6900000572204589844 7.4400000572204589844 7.2600002288818359375 6.8200001716613769531 5.9000000953674316406 4.5700001716613769531 4.4000000953674316406 1.3899999856948852539 0.94999998807907104492 -3.7400000095367431641 -5.1100001335144042969 -6.090000152587890625 -3.2699999809265136719 0.62000000476837158203 -8.6899995803833007813 -8.75 -7.8000001907348632813 -8.3100004196166992188 -7.8000001907348632813 -8.0600004196166992188 -9.3900003433227539063 -9.8100004196166992188 -10.220000267028808594 -10.689999580383300781 -11.189999580383300781 -12.260000228881835938 -12.270000457763671875 -12.939999580383300781 -13.470000267028808594 -14.260000228881835938 -14.470000267028808594 -14.840000152587890625 -15.310000419616699219
6.9000000953674316406 6.4800000190734863281 4.9200000762939453125 4.6700000762939453125 3.7899999618530273438 3.7100000381469726563 3.3099999427795410156 4.9800000190734863281 6.340000152587890625 8.43000030517578125 7.6900000572204589844 7.5100002288818359375 8.0100002288818359375 7.4600000381469726563 7.0100002288818359375 6.5300002098083496094 5.8200001716613769531 4.4800000190734863281 3.7799999713897705078 1.2599999904632568359 0.88999998569488525391 0.92000001668930053711 0.43999999761581420898 -3.6500000953674316406 -3.2300000190734863281 0.40000000596046447754 -8.270000457763671875 -8.590000152587890625 -8.5100002288818359375 -7.8800001144409179688 -8.3599996566772460938 -8.8100004196166992188 -9.6300001144409179688 -10.390000343322753906 -10.670000076293945313 -10.800000190734863281 -11.810000419616699219 -12.279999732971191406 -12.720000267028808594 -13.310000419616699219 -13.970000267028808594 -14.649999618530273438 -15.100000381469726563 -15.689999580383300781 -15.689999580383300781
6.6300001144409179688 6.0700001716613769531 4.6100001335144042969 4.2300000190734863281 3.75 2.6500000953674316406 3.5 2.9200000762939453125 5.1500000953674316406 7.090000152587890625 6.9200000762939453125 7.3800001144409179688 7.4000000953674316406 7.6100001335144042969 7.3600001335144042969 7.0100002288818359375 6.5100002288818359375 4.5100002288818359375 2.7799999713897705078 1.75 1.3400000333786010742 -4.5 -5.3000001907348632813 -6.9800000190734863281 -0.40000000596046447754 -3.7999999523162841797 -8.479999542236328125 -8.8100004196166992188 -8.8800001144409179688 -8.4600000381469726563 -8.6000003814697265625 -9.3800001144409179688 -10.020000457763671875 -10.5 -11.020000457763671875 -11.220000267028808594 -11.93000030517578125 -12.560000419616699219 -12.899999618530273438 -13.590000152587890625 -16.350000381469726563 -16.370000839233398438 -15.68000030517578125 -16.1100006103515625 -17.059999465942382813
