includes/LCred4_5m.asc
ncols         430
nrows         300
xllcorner     910637.5
yllcorner     6233612.5
cellsize      5.0
[rows 76 to 94 of 300, columns 352 to 395 of 430]
9.519246991658461 9.433951550761925 9.246598533723425 8.683233299949837 8.480341354585592 8.365244097325169 8.383594963472719 8.36011813183533 7.643921549167959 7.310542740387118 7.2781045861322715 7.024825117170345 6.605047181720868 5.243772292800601 4.614760320674818 4.253606031552701 4.258739017834927 4.01548620522571 3.01273941209729 2.72268294646636 2.634331841841646 2.568361553134514 2.4821725122065406 1.6942278215821007 1.4527464439645545 1.435902327991982 1.2627903402160183 0.955248041739973 0.3280396804906093 -0.017700434737747586 -0.16579307796065243 -0.18710204686948906 -0.24719920998030626 -0.8000757053251901 -0.9538760866761183 -1.0812261174151125 -0.9987688626604864 -0.8620299693269299 -1.0752166770582892 -1.0900797269972349 -1.0889583759949497 -1.1299952861224163 -1.1233732243253627 -1.4586482240841943
9.5600004196167 9.420659357556103 9.274910214616797 8.561290308902729 8.363673390305665 7.880000114440918 8.276815411770635 8.328114428361872 7.302923777523383 7.338864662126582 7.960000038146973 7.072905291367666 6.588508811711102 4.949844472005682 4.3356161977592285 2.950000047683716 4.017433805387367 4.1022393473545105 2.757874170222861 2.6567567398128573 2.569999933242798 2.5323358305586563 2.442167907521413 1.4648029978937607 1.4757282892507075 1.9700000286102295 1.2957259016186862 0.9836097543654276 0.09222163066800085 -0.1587861789518161 -0.6000000238418579 -0.3219151876624157 -0.3573624953485016 -0.9448283440459126 -1.1534403633182406 -1.8700000047683716 -1.1821604856366592 -1.0194305180041194 -1.1470205294438771 -1.1001877902244188 -0.949999988079071 -1.1181223751012792 -1.1849738798771743 -1.4774362948059234
9.47094783697417 9.370511791841144 9.13986139383463 8.55533740184828 8.381766202066169 8.27431966695618 8.285845328928684 8.228067758164874 7.2455668941814455 7.209147745661163 7.183719841479368 6.905186151570001 6.298506555667672 5.054844322793335 4.438086149224933 4.089474191685067 4.084211195089244 3.815756588834252 2.741250763431044 2.6163324357823257 2.553321789833982 2.4832268761449665 2.1039137320770704 1.4322593800955221 1.3518779568294481 1.3353463018776122 1.1412838845063182 0.797141586050159 -0.09674398673403689 -0.18960137966972568 -0.32662535257731967 -0.37477040095381203 -0.5926323142116254 -0.9961406395921013 -1.142012647613954 -1.24317157464322 -1.1623875156189218 -1.1814829493270658 -1.1571547787346055 -1.1452780241123843 -1.1199986939337334 -1.151512416382438 -1.374814097598694 -1.4267724761864595
9.406542817283523 9.217453008742835 9.094934327769694 8.518042298919427 8.40767193638606 8.315911592503555 8.21678796564744 8.201772231131656 7.163340213054405 7.080792362241015 6.961064285735195 6.551960677365913 6.218886438183541 5.017467136946431 4.645204126880336 4.268996571330403 3.896315388855337 3.801153143024351 2.6762182385723285 2.603563652163303 2.4969042701628483 2.1353784792352957 2.040624680628053 1.323011504486509 1.2122401519246133 1.0881448446597692 0.8568512767974218 0.6711178739359159 -0.20714433567381169 -0.380802129176722 -0.37726384922666545 -0.6038572375288783 -0.680519837124353 -1.0639031665403078 -1.1290892413756406 -1.1757846576397444 -1.2729126301127864 -1.2142470502478149 -1.197756004541849 -1.159665445110117 -1.1765736165707747 -1.3637581315492355 -1.3863611314907616 -1.4266083870065882
8.875600436396544 8.640596840745182 8.49030509879603 7.907391371842759 7.814726491168365 7.462915094328188 7.380035730254311 7.325185728761444 6.289130294983525 6.24942324797546 5.911938302801564 5.7584487881204955 5.385301951703249 4.1823059914253475 3.846572647231245 3.517448845297057 3.4231243029696983 3.32729691865561 2.2160465208288636 2.176531897570766 2.0341180039455584 1.9493530934037282 1.8290055135741605 1.0701252996285713 0.9089591958333796 0.5997036950397607 0.37902789736815656 0.21296013461633173 -0.6559412914879176 -0.8294672791697865 -1.001599641512142 -1.1774766678038933 -1.247604692441143 -1.60632398575268 -1.639411243110729 -1.7001306472193776 -1.6497427649384078 -1.595079942545339 -1.5622862675308116 -1.496857052627706 -1.4631272105865143 -1.4504362738327463 -1.4698447699496795 -1.5021057951988348
8.82539656006016 8.701808924225109 8.415104745670622 7.834264411301563 7.457611124411413 7.40883010040549 7.333561849264608 7.23015339155237 6.252182147297667 6.075216404157249 6.147586999765847 5.774622913384709 5.345536048438732 4.096422305751843 3.5721294381978557 3.294510970383631 3.265269549482846 3.251238595387403 2.1938254151218852 2.0745978396529092 2.0550977086999223 1.9478527769800795 1.7749593264901316 0.9863339074472709 0.5891432956509889 0.4124813637436476 0.3361311422272432 0.09568194182998778 -0.7621699223957765 -1.0365964474961078 -1.2124881073179055 -1.2092302364675784 -1.330580789902584 -1.6596486667554675 -1.7609398743757558 -1.8039330634994413 -1.7419971125441602 -1.6318600553809475 -1.5726350678436551 -1.476956237616376 -1.4062463862192713 -1.4426210090987661 -1.4758101402056452 -1.511368113233913
8.899999618530273 8.667794488284965 8.470630309604472 7.461872146117664 7.388567854776669 7.570000171661377 7.268411753032608 7.1527504461354745 5.930268483832833 6.159917110623076 7.650000095367432 5.89791330567579 5.223920387359587 3.8823824800653988 3.40183248144548 2.5299999713897705 3.1396050304167775 3.171444187686483 2.07627351444953 2.079051653596391 2.319999933242798 1.961483101925191 1.7557086487139675 0.7530761349712501 0.48020157583342843 0.009999999776482582 0.24928155140896452 0.13446473756632843 -0.8834587995430851 -1.1690289321515512 -1.840000033378601 -1.3164678466116913 -1.271509118956708 -1.743816756058269 -1.8241892586973036 -2.1500000953674316 -1.8056103817501663 -1.687691512108973 -1.583943769698358 -1.4485717611543438 -1.0499999523162842 -1.4181120230118547 -1.500373602486995 -1.5659941417808159
8.715540822051036 8.56606973505195 8.214103551169426 7.295701868184832 7.242254412986588 7.203439665878894 7.091375780021338 6.826611423285526 5.897797144430878 5.813567590859122 5.9183631355549196 5.534850346116308 4.881057343945566 3.87327385430482 3.440417769838984 3.195741474597002 3.1699632592660785 2.8448775930609416 2.04432167384033 2.020756629227887 2.005787736086126 1.8898014214362375 1.646643427943809 0.8119242351120577 0.510217429343281 0.33796914165911507 0.25018836624005847 -0.043414653501890964 -0.8438812348996302 -1.1153370263482663 -1.278456076717206 -1.2745974108331424 -1.4795946734817234 -1.803299160572154 -1.7955564608748078 -1.8325473584992902 -1.7771915631021271 -1.7726024088706158 -1.6290971652920996 -1.531504865772717 -1.4586901151572629 -1.499398537756849 -1.521055143713007 -1.5677072538841708
8.58408585631546 8.271967033195054 8.085902170347747 7.107613338690934 6.958122376850116 6.914649972281578 6.658452190785947 6.577426960083115 5.57819674323194 5.518971936455977 5.285302398471245 4.9179037749746355 4.631952691174419 3.7457890666538614 3.48650723944733 3.264987790841923 2.8798463443063453 2.820193846923502 1.9970189414739068 1.9553624846120021 1.9057662200983243 1.749371523180197 1.6181409567518241 0.7985891401308797 0.616601789491384 0.39900900491659247 0.12198356802949525 -0.044970985100928514 -0.8508900615263278 -1.0198542025118367 -1.1822511441793606 -1.4351661622212286 -1.4684830680111838 -1.8012195028581792 -1.8134631546433617 -1.766800013197325 -1.8208865361440218 -1.788855042847951 -1.683559918101927 -1.6471357338138164 -1.6119258358801616 -1.5894978610777735 -1.5867968200758698 -1.6137098038790072
8.081351386905874 7.755805998066543 7.536257791386456 6.4906053845833656 6.270170478089977 5.9399743284333715 5.736998175645936 5.658500248702947 4.627112724369499 4.499493435135621 4.197047895727027 4.059422454838647 3.8923724946032743 3.1147891388645705 2.9318729420624527 2.7338445702726384 2.6269498860788367 2.5757173359607752 1.7762540072984225 1.7431422164350585 1.6905450317165878 1.6267358144649715 1.5089950452767862 0.7109190866357099 0.5558708623617554 0.312667571312903 0.07298436109950396 -0.11796237961785797 -0.9379427869702004 -1.1150290300591352 -1.3144447190538981 -1.5505738606817747 -1.5786736334676679 -1.9036591590694676 -1.8949299010971068 -1.9239143861606296 -1.9659377925465422 -1.9762659411967416 -1.912917082554098 -1.9168772519122814 -1.9753053463040147 -1.9202636173372771 -1.8904883619581407 -1.8916458805779175
7.9616844272522975 7.808946531077662 7.401767468648388 6.2968282033000404 5.771832142891773 5.487249037664051 5.523336876312652 5.380702073957666 4.362398385089306 3.9722973303433817 3.767612182946043 3.7658757311358313 3.666727243909185 2.961605349994008 2.6977388167424796 2.547684566510835 2.5480028711293174 2.4969207664885857 1.7589477388923431 1.7351780381471835 1.7228582542172104 1.6353671139723827 1.516545920730716 0.7425460824590184 0.4831311375104126 0.38204134799024514 0.22727248898027513 -0.09222188243079527 -0.9331266147254884 -1.26600291439315 -1.443548595671572 -1.4291968738163745 -1.5959302826187471 -1.895461741582969 -1.901283400787737 -1.8778646327733495 -1.9136255933496285 -1.997113305223624 -1.9736040297536364 -2.08281754096271 -2.1273794517957505 -2.0693827822262154 -1.9647886235209016 -1.9346681495546747
7.78000020980835 7.751353354077568 7.492904731127231 5.992131458149865 5.51150960708136 4.320000171661377 5.273564222326291 5.346836358401636 4.022393888901728 3.7295154243091124 2.930000066757202 3.5547907708330784 3.566433256926733 2.780392972148551 2.561542023212882 2.0399999618530273 2.444932573571378 2.483648865788055 1.7342206690410615 1.7469557888120715 1.9500000476837158 1.6669125828118445 1.5191226964737305 0.643756277850132 0.5127707770075334 0.550000011920929 0.28687659383168834 0.03929887479803426 -1.0166666868626406 -1.3412666906569928 -2.069999933242798 -1.4934126303491424 -1.4169805831848974 -1.92750558102981 -1.8802214127498844 -1.6699999570846558 -1.8987312484566068 -1.9782994319127136 -2.0744267312199773 -2.165611297590157 -2.490000009536743 -2.1576220383118647 -2.0532186629510982 -2.0396591520690954
7.883722322730689 7.7082643561395505 7.262119139607489 5.838364272070149 5.5889700245686305 5.310569667883814 5.313727944095844 5.056843309640973 4.028856043547809 3.740308089200131 3.5637678277613825 3.5509747288127627 3.2471871738985127 2.747917505250336 2.5700858568158456 2.4491285901700075 2.4509766585965846 2.1291017246104094 1.813004944334276 1.7061429493805573 1.705399492725703 1.6285384803169458 1.4588476248005757 0.8167052979505312 0.5347864436197343 0.43518161729874943 0.2883387088658938 -0.06542373299747942 -0.8969405571486893 -1.2230085547789973 -1.412406446976088 -1.4023826812044016 -1.4783164299905283 -1.9951816739879167 -1.9209518693859726 -1.9024241859686417 -1.948978919225788 -2.0178981225790515 -2.1416897511580846 -2.1572824878335637 -2.198937322593564 -2.1528458848697665 -2.087590511699078 -2.1038657706615687
7.876469049426007 7.5000574673311755 7.238679477544229 5.814942019280074 5.535572653524447 5.466568516330837 5.137005517993604 5.034696104003193 3.9785390743031677 3.833782225220145 3.641370880487196 3.3077135164539935 3.2106665712790954 2.7000460872981797 2.5773285282350957 2.4789710273787593 2.1182742751169736 2.101592286382077 1.77520397064812 1.763223333953839 1.6390927153556967 1.5350614306116792 1.464889059644594 0.8395503537548313 0.7252834589615468 0.4635757204534666 0.19503589164109789 -0.0075778709928936835 -0.8301167410836074 -1.0316149510605406 -1.2320092565555216 -1.3857319866317603 -1.4394759687668097 -2.015825437701303 -2.0319665325344674 -1.9889751117282144 -2.0240393089343818 -2.0580209537635934 -2.1701202884631465 -2.1991593933467564 -2.1686888487874163 -2.1572619255454804 -2.1302451031369793 -2.1836486704960993
7.357829658450348 6.911891753010997 6.617963668264793 5.198844213079546 4.957747957360306 4.6526446031074045 4.498722278975438 4.355930855522977 3.2990260091056114 3.1978221644279863 2.9955706311338886 2.8330961961225536 2.701639641088435 2.1826266833349734 2.0767153090093973 1.9581660691813478 1.884442840253869 1.8720844993699304 1.5560224822960746 1.55616854371099 1.5363922648622288 1.5299452194443253 1.4893738998842005 0.9047149315736441 0.8314477551360465 0.80810334093284 0.6442886392325698 0.44972566528953695 -0.37309912411359436 -0.5817832370423447 -0.775454663490826 -0.9981469051561954 -1.0742273497417565 -1.6974434829899399 -1.775593250043997 -1.9036092021161561 -2.1638732798447196 -2.186913041749266 -2.2975109049195246 -2.320657504939753 -2.4027117380662495 -2.471346152237177 -2.4773794214338682 -2.560425760347743
7.404307190044801 7.150726272499575 6.585006960587797 5.172351785271591 4.766118577850964 4.5889021149689615 4.488808154596968 4.334808796354601 3.3122742371688845 3.1043665399901013 3.048804806227274 2.9254149411520984 2.6926216793304802 2.148389269769992 1.9413997895268242 1.830646676839846 1.8484535826767379 1.820622884005276 1.5335313526383927 1.537438180463716 1.546881239801524 1.5181522187834269 1.4988033689306206 0.9626308338371962 0.9996983638905325 0.9973470478371015 0.8196393831505352 0.5390653146304987 -0.3054812513378855 -0.6280886313024256 -0.8182139002417415 -0.8503735306582532 -1.0494910376449007 -1.6883691630993378 -1.9039083494279252 -2.023282871513522 -2.000254463436992 -2.219160997047032 -2.322340744678691 -2.410966137739737 -2.430992779752611 -2.443232881646761 -2.524199144303948 -2.6280949877736224
7.78000020980835 7.179188204168119 6.78074390927329 4.985718857276318 4.69700369631749 4.380000114440918 4.4567647656162865 4.339880455549792 3.1878217132354894 3.1190560941137715 3.2899999618530273 2.956361315892544 2.7514335717660816 2.0645700105202542 1.861802190993707 1.409999966621399 1.7760184750413595 1.8337227612429434 1.505432754374645 1.5377458501912675 1.6699999570846558 1.5278453126640028 1.4837719610460764 1.0484044147055096 1.0950055743661595 1.5800000429153442 0.948548160237151 0.6507343300479081 -0.3117290800666914 -0.6459833989945613 -1.350000023841858 -0.8500548636589367 -0.8646079072367617 -1.7337995843949212 -1.9529860077807926 -2.5399999618530273 -2.0530851366188614 -1.9922795360555827 -2.404697405338682 -2.43142697917712 -2.4600000381469727 -2.467344131957013 -2.4974680338165167 -2.7029831583090282
7.295696338422249 7.032508455164374 6.464220538413767 5.051981009235713 4.693219114583636 4.53536812697888 4.438197698315251 4.102267071002845 3.2313590151059453 3.0783917194797104 3.0246597605064784 2.8962205985694975 2.6279089218913056 2.0571080133570816 1.8982178690432823 1.7895983948411702 1.8012266201774068 1.7496985776900815 1.538689960884938 1.5023874961593355 1.5203544240704019 1.4966400415766248 1.4358285159406263 1.2431500786888294 1.0546899072095883 1.0625489078082642 0.9126873405624741 0.6280630574648929 -0.12357285885692124 -0.46714731122919406 -0.6708352373793401 -0.6943853238498822 -0.8426557645116423 -1.60196621475041 -1.83047443697705 -1.9757991466284675 -1.9625655127797192 -1.9528690881788386 -2.467680396724705 -2.4435938636550594 -2.4674699879003668 -2.493279053572421 -2.5818792776532247 -2.774441066512141
7.0528686916802785 6.6013940687795065 6.346526880671739 4.958108369685641 4.764230543296274 4.516551224440042 4.193033915595526 4.071979003863714 3.185234934987157 3.0826862334733707 2.9333304191315763 2.7341627297917004 2.594090877027711 2.0388001784625547 1.9195036529690284 1.8469385639711806 1.7475881343112156 1.7361008997153573 1.5052980524492228 1.514451918298086 1.4615318136479192 1.4200951327948816 1.4123997481449717 1.2270492824139627 1.206533312568549 0.9776840331070334 0.8278526946478331 0.6982726864812245 0.014992525613054098 -0.1455758256595741 -0.3638250534200593 -0.5370126131211305 -0.6765321414567722 -1.476986761036983 -1.6279127611229351 -1.7854126414453517 -1.8363038304043915 -1.897150649727003 -2.4719925425133686 -2.5192389267340913 -2.4978188229458413 -2.582268055334778 -2.6180885492322616 -2.816536161047729
