includes/LCred3.asc
ncols        97
nrows        71
xllcorner    910787.500000000000
yllcorner    6233337.500000000000
cellsize     25.000000000000
NODATA_value  -99999
[rows 40 to 59 of 71, columns 0 to 44 of 97]
-99999 -99999 -99999 -99999 -99999 -99999 -99999 -99999 -99999 -99999 -99999 -99999 -99999 -99999 -99999 73.43000030517578125 70.8000030517578125 68.26000213623046875 63.470001220703125 59 56.29000091552734375 53.130001068115234375 50.3600006103515625 47.909999847412109375 44.270000457763671875 40.79000091552734375 38.470001220703125 33.770000457763671875 29.340000152587890625 26.590000152587890625 24.649999618530273438 19.799999237060546875 17.8899993896484375 17.04000091552734375 16.43000030517578125 15.880000114440917969 14.600000381469726563 12.399999618530273438 11.220000267028808594 10.43000030517578125 9.2200002670288085938 8.1000003814697265625 6.9800000190734863281 6.7100000381469726563 6.9000000953674316406
-99999 -99999 -99999 -99999 -99999 -99999 -99999 -99999 -99999 -99999 -99999 -99999 -99999 -99999 -99999 79.01000213623046875 75.51999664306640625 71.94000244140625 66.69000244140625 62.65000152587890625 58.93000030517578125 56.5 53.54000091552734375 50.79000091552734375 47.220001220703125 43.590000152587890625 40.659999847412109375 37.340000152587890625 31.729999542236328125 28.3600006103515625 24.280000686645507813 21.170000076293945313 18.45999908447265625 17.799999237060546875 17.5 16.299999237060546875 13.590000152587890625 10.390000343322753906 10.840000152587890625 9.7799997329711914063 9.1000003814697265625 8.729999542236328125 6.7800002098083496094 6.7800002098083496094 6.0500001907348632813
-99999 -99999 -99999 -99999 -99999 -99999 -99999 -99999 -99999 -99999 -99999 -99999 -99999 -99999 -99999 82.48000335693359375 78.9499969482421875 74.23000335693359375 69.910003662109375 66.94000244140625 63.04000091552734375 59.909999847412109375 56.520000457763671875 53.8600006103515625 49.270000457763671875 47.060001373291015625 43 38.6100006103515625 34 29.840000152587890625 26.379999160766601563 23.010000228881835938 19.649999618530273438 17.840000152587890625 17.420000076293945313 16.809999465942382813 15.390000343322753906 11.170000076293945313 10.420000076293945313 9.520000457763671875 8.340000152587890625 8.2100000381469726563 7.5300002098083496094 6.6100001335144042969 5.8800001144409179688
-99999 -99999 -99999 -99999 -99999 -99999 -99999 -99999 -99999 -99999 -99999 -99999 -99999 -99999 -99999 86.910003662109375 82.8600006103515625 77.79000091552734375 72.970001220703125 69.410003662109375 66.62000274658203125 64.1999969482421875 59 56.25 53.200000762939453125 49.8300018310546875 45.310001373291015625 39.68000030517578125 36.1100006103515625 33.090000152587890625 28.29000091552734375 24.510000228881835938 21.600000381469726563 20.200000762939453125 19.79000091552734375 17.81999969482421875 16.25 11.760000228881835938 10.300000190734863281 8.2200002670288085938 8.4399995803833007813 7.590000152587890625 6.7800002098083496094 6.0300002098083496094 5.4800000190734863281
-99999 -99999 -99999 -99999 -99999 -99999 -99999 -99999 -99999 -99999 -99999 -99999 -99999 -99999 -99999 89.0500030517578125 85.19000244140625 81.55999755859375 77.48000335693359375 75.23000335693359375 70.29000091552734375 67.01000213623046875 63.220001220703125 58.909999847412109375 56.630001068115234375 54.590000152587890625 46.840000152587890625 43.04000091552734375 39.270000457763671875 34.990001678466796875 30.100000381469726563 28.299999237060546875 23.29000091552734375 21 20.879999160766601563 23.950000762939453125 16.06999969482421875 12.859999656677246094 10.609999656677246094 9.0299997329711914063 8.0100002288818359375 7.4400000572204589844 6.8000001907348632813 6.2800002098083496094 5.6300001144409179688
-99999 -99999 -99999 -99999 -99999 -99999 -99999 -99999 -99999 -99999 -99999 -99999 -99999 -99999 -99999 92.970001220703125 89.01000213623046875 84.3300018310546875 80.720001220703125 77.73000335693359375 74.19000244140625 69.720001220703125 65.73000335693359375 64.8300018310546875 59.75 53.8600006103515625 49.6100006103515625 45.590000152587890625 40.700000762939453125 36.29000091552734375 32.970001220703125 29.120000839233398438 25.090000152587890625 21.719999313354492188 20.549999237060546875 19.620000839233398438 18.18000030517578125 13.390000343322753906 11.460000038146972656 9.1300001144409179688 8.590000152587890625 7.9800000190734863281 6.2800002098083496094 5.9400000572204589844 5.4000000953674316406
-99999 -99999 -99999 -99999 -99999 -99999 -99999 -99999 -99999 -99999 -99999 -99999 -99999 -99999 -99999 94.48000335693359375 91.93000030517578125 88.05999755859375 84.51000213623046875 81.55999755859375 77.0800018310546875 73.04000091552734375 69.839996337890625 66.98000335693359375 60.630001068115234375 56.79000091552734375 52.490001678466796875 48.450000762939453125 43.43000030517578125 39.79000091552734375 35.450000762939453125 30.969999313354492188 25.79000091552734375 23.29000091552734375 21.06999969482421875 20.270000457763671875 19.059999465942382813 14.279999732971191406 12.520000457763671875 9.270000457763671875 8.75 8.1400003433227539063 6.2300000190734863281 6.090000152587890625 5.4000000953674316406
-99999 -99999 -99999 -99999 -99999 -99999 -99999 -99999 -99999 -99999 -99999 -99999 -99999 -99999 -99999 96.8300018310546875 92.5500030517578125 88.98000335693359375 86.12000274658203125 82.76000213623046875 78.80999755859375 75.75 72.4499969482421875 68.12000274658203125 62.29000091552734375 60.8600006103515625 55.40000152587890625 50.450000762939453125 46.04000091552734375 41.6100006103515625 36.470001220703125 32.450000762939453125 28.260000228881835938 25.75 23.8899993896484375 22.440000534057617188 20.450000762939453125 20.549999237060546875 12.75 9.6400003433227539063 7.9000000953674316406 7.2800002098083496094 6.25 5.8800001144409179688 5.6300001144409179688
-99999 -99999 -99999 -99999 -99999 -99999 -99999 -99999 -99999 -99999 -99999 -99999 -99999 -99999 -99999 97.0800018310546875 92.26000213623046875 89.160003662109375 85.089996337890625 82.68000030517578125 78.62000274658203125 75.9499969482421875 72.55999755859375 69.26999664306640625 65.0500030517578125 61.90000152587890625 57.220001220703125 52.880001068115234375 48.340000152587890625 45.29000091552734375 39.130001068115234375 34.8600006103515625 30.530000686645507813 28.95999908447265625 25.8600006103515625 24.510000228881835938 21.8899993896484375 21.700000762939453125 12.890000343322753906 12.720000267028808594 7.6700000762939453125 7.2300000190734863281 6.3000001907348632813 5.9200000762939453125 5.590000152587890625
-99999 -99999 -99999 -99999 -99999 -99999 -99999 -99999 -99999 -99999 -99999 -99999 -99999 -99999 -99999 95.6100006103515625 91.160003662109375 87.23000335693359375 83.8300018310546875 80.90000152587890625 78.29000091552734375 75.73000335693359375 71.26999664306640625 69.43000030517578125 65.9499969482421875 61.68000030517578125 58.880001068115234375 54.159999847412109375 49.700000762939453125 45.43000030517578125 40.5 37.3300018310546875 32.770000457763671875 29.870000839233398438 27.620000839233398438 25.649999618530273438 24.79000091552734375 21.809999465942382813 13.529999732971191406 12.649999618530273438 7.6500000953674316406 6.590000152587890625 6.4200000762939453125 6 5.7100000381469726563
-99999 -99999 -99999 -99999 -99999 -99999 -99999 -99999 -99999 -99999 -99999 -99999 -99999 -99999 -99999 95.73000335693359375 89.98000335693359375 85.410003662109375 81.660003662109375 77.80999755859375 75.23000335693359375 73.660003662109375 70 67.68000030517578125 64.8600006103515625 62.3600006103515625 59.630001068115234375 56.020000457763671875 51.090000152587890625 47.29000091552734375 41.93000030517578125 37.68000030517578125 33.5 31.70999908447265625 28.420000076293945313 25.850000381469726563 24.8600006103515625 22.399999618530273438 15.770000457763671875 12.729999542236328125 6.5500001907348632813 6.1900000572204589844 6.5500001907348632813 6.4400000572204589844 4.8000001907348632813
-99999 -99999 -99999 -99999 -99999 -99999 -99999 -99999 -99999 -99999 -99999 -99999 -99999 -99999 -99999 94.160003662109375 88.12000274658203125 84.12000274658203125 79.51999664306640625 75.660003662109375 72.98000335693359375 69.339996337890625 66.160003662109375 65.40000152587890625 63.200000762939453125 60.25 57.700000762939453125 55.020000457763671875 51.840000152587890625 47.700000762939453125 42.840000152587890625 38.060001373291015625 35.3600006103515625 32.470001220703125 30.200000762939453125 27.850000381469726563 26.299999237060546875 22.729999542236328125 16.280000686645507813 11.399999618530273438 7.6500000953674316406 6.4400000572204589844 6.2800002098083496094 6.590000152587890625 6.7300000190734863281
-99999 -99999 -99999 -99999 -99999 -99999 -99999 -99999 -99999 -99999 -99999 -99999 -99999 -99999 -99999 89.69000244140625 86.87000274658203125 81.910003662109375 78.23000335693359375 74.26000213623046875 69.3600006103515625 66.51000213623046875 63.630001068115234375 63.3600006103515625 60.75 57.950000762939453125 56.130001068115234375 53.130001068115234375 49.8600006103515625 47.200000762939453125 42.840000152587890625 38.950000762939453125 35.159999847412109375 33.240001678466796875 30.299999237060546875 29.25 26.8600006103515625 23.200000762939453125 17.18000030517578125 11.350000381469726563 8.1000003814697265625 6.2800002098083496094 6.75 6.75 7.5
-99999 -99999 -99999 -99999 -99999 -99999 -99999 -99999 -99999 -99999 -99999 -99999 -99999 -99999 -99999 85.90000152587890625 83.12000274658203125 79.76000213623046875 76.43000030517578125 70.910003662109375 69.01999664306640625 63.220001220703125 61.310001373291015625 60.090000152587890625 58.25 55.200000762939453125 52.43000030517578125 51.40000152587890625 48.220001220703125 45.810001373291015625 42.159999847412109375 40.220001220703125 35.810001373291015625 31.559999465942382813 29.81999969482421875 28.6399993896484375 26.899999618530273438 24 17.600000381469726563 13.710000038146972656 15.270000457763671875 7.5300002098083496094 7.1900000572204589844 7.0500001907348632813 7.6500000953674316406
-99999 -99999 -99999 -99999 -99999 -99999 -99999 -99999 -99999 -99999 -99999 -99999 -99999 -99999 -99999 84.23000335693359375 79.87000274658203125 75.73000335693359375 71.089996337890625 69.839996337890625 65.29000091552734375 60.79000091552734375 56.520000457763671875 54.560001373291015625 53.409999847412109375 52.40000152587890625 50.450000762939453125 48.700000762939453125 45.04000091552734375 44.090000152587890625 40.270000457763671875 38.340000152587890625 34.79000091552734375 32.29000091552734375 28.200000762939453125 26.090000152587890625 25.04000091552734375 23.280000686645507813 19.770000457763671875 16.969999313354492188 16.420000076293945313 9.8900003433227539063 8.729999542236328125 8.6099996566772460938 8.9700002670288085938
-99999 -99999 -99999 -99999 -99999 -99999 -99999 -99999 -99999 -99999 -99999 -99999 -99999 -99999 -99999 82.5500030517578125 79.51999664306640625 75.87999725341796875 70.40000152587890625 65.910003662109375 61.68000030517578125 58.240001678466796875 54.29000091552734375 51.270000457763671875 50.720001220703125 50.3300018310546875 49.65000152587890625 45.630001068115234375 44.520000457763671875 41.700000762939453125 40.6100006103515625 36.04000091552734375 33.950000762939453125 30.760000228881835938 27.969999313354492188 25.56999969482421875 23.100000381469726563 22.06999969482421875 20.100000381469726563 17.879999160766601563 16.450000762939453125 10.300000190734863281 9.93000030517578125 10.220000267028808594 12.890000343322753906
-99999 -99999 -99999 -99999 -99999 -99999 -99999 -99999 -99999 -99999 -99999 -99999 -99999 -99999 -99999 80.3600006103515625 78.660003662109375 75.0500030517578125 70.76000213623046875 65.25 61.130001068115234375 56.3600006103515625 51.810001373291015625 49.090000152587890625 46.25 44.8600006103515625 45.15000152587890625 43.18000030517578125 41.970001220703125 40.090000152587890625 39.29000091552734375 37.40000152587890625 34.090000152587890625 30.799999237060546875 28.1100006103515625 25.299999237060546875 22.45999908447265625 19.729999542236328125 19.340000152587890625 18 15.710000038146972656 13.260000228881835938 12.189999580383300781 12.140000343322753906 12.770000457763671875
-99999 -99999 -99999 -99999 -99999 -99999 -99999 -99999 -99999 -99999 -99999 -99999 -99999 -99999 -99999 77.18000030517578125 78.26000213623046875 73.90000152587890625 68.839996337890625 64.29000091552734375 61.060001373291015625 56.8300018310546875 52.40000152587890625 48.130001068115234375 43.840000152587890625 41.090000152587890625 41.18000030517578125 40.470001220703125 40.200000762939453125 38.0800018310546875 36.909999847412109375 34.3600006103515625 33.990001678466796875 30.6399993896484375 27.729999542236328125 25.25 21.670000076293945313 18.3899993896484375 16.370000839233398438 15.770000457763671875 15.590000152587890625 14.260000228881835938 11.420000076293945313 11.31999969482421875 12.279999732971191406
-99999 -99999 -99999 -99999 -99999 -99999 -99999 -99999 -99999 -99999 -99999 -99999 -99999 -99999 -99999 74.18000030517578125 73.68000030517578125 72.23000335693359375 68.339996337890625 64.5 60.93000030517578125 56.659999847412109375 53.0800018310546875 49.3600006103515625 45.29000091552734375 41.3600006103515625 38.950000762939453125 37.409999847412109375 37.970001220703125 35.950000762939453125 35.560001373291015625 34.060001373291015625 31.299999237060546875 30.879999160766601563 27.809999465942382813 25.95999908447265625 22 18.620000839233398438 15.470000267028808594 15.020000457763671875 12.970000267028808594 12.75 10.380000114440917969 9.590000152587890625 10.310000419616699219
-99999 -99999 -99999 -99999 -99999 -99999 -99999 -99999 -99999 -99999 -99999 -99999 -99999 -99999 -99999 70.04000091552734375 70.68000030517578125 69.18000030517578125 66.339996337890625 64.05999755859375 59.810001373291015625 55.840000152587890625 53.15000152587890625 49.29000091552734375 45.590000152587890625 42.490001678466796875 38.340000152587890625 36.18000030517578125 34.590000152587890625 34.770000457763671875 34.18000030517578125 32.5 30.870000839233398438 29.8899993896484375 27.450000762939453125 26.1399993896484375 23.120000839233398438 19.840000152587890625 16.090000152587890625 12.600000381469726563 12.460000038146972656 11.43000030517578125 10.18000030517578125 9.5600004196166992188 9.2200002670288085938
