includes/LCred.asc
ncols        319
nrows        303
xllcorner    907337.500000000000
yllcorner    6231537.500000000000
cellsize     25.000000000000
NODATA_value  -99999
[rows 38 to 56 of 303, columns 210 to 251 of 319]
117.5500030517578125 116.45999908447265625 115.660003662109375 113.6999969482421875 111.34999847412109375 108.70999908447265625 105.69000244140625 102.529998779296875 99.4199981689453125 96.19000244140625 91.9499969482421875 87.910003662109375 87.56999969482421875 90.8899993896484375 94.54000091552734375 96.75 97.1399993896484375 96 94.75 92.029998779296875 88.48999786376953125 83.20999908447265625 79.29000091552734375 74.089996337890625 63.770000457763671875 61.6399993896484375 61.029998779296875 66.19000244140625 72.339996337890625 75.45999908447265625 74.29000091552734375 73.30999755859375 72.48000335693359375 72.15000152587890625 69.37999725341796875 69.37000274658203125 69.4199981689453125 71.5500030517578125 71.529998779296875 72.970001220703125 71.94000244140625 71.1399993896484375
115.09999847412109375 114.6399993896484375 113.589996337890625 112.06999969482421875 109.98999786376953125 107.90000152587890625 105.56999969482421875 102.48999786376953125 99.339996337890625 95.76999664306640625 91.06999969482421875 85.4499969482421875 85.51000213623046875 90.25 93.56999969482421875 95.75 95.9199981689453125 94.94000244140625 93.8600006103515625 91.59999847412109375 88.26000213623046875 85.01999664306640625 78.62000274658203125 79.970001220703125 69.12999725341796875 60.220001220703125 61.15000152587890625 60.8899993896484375 68.279998779296875 71.69000244140625 73.62999725341796875 72.81999969482421875 72.09999847412109375 71.26000213623046875 69.3899993896484375 69.410003662109375 68.87999725341796875 68.9499969482421875 69.04000091552734375 71.84999847412109375 70.3899993896484375 70.1399993896484375
112.48000335693359375 112.0800018310546875 111.54000091552734375 110.90000152587890625 109.839996337890625 107.48999786376953125 105.3600006103515625 103.1699981689453125 99.01999664306640625 95.1100006103515625 90.910003662109375 85.3300018310546875 84.04000091552734375 90.37000274658203125 92.660003662109375 93.98999786376953125 94.5800018310546875 94.37999725341796875 93.1399993896484375 90.98999786376953125 88.15000152587890625 85.40000152587890625 83.1999969482421875 79.3600006103515625 73.970001220703125 69.1999969482421875 67.68000030517578125 68.40000152587890625 68.90000152587890625 68.6399993896484375 69.1999969482421875 70.43000030517578125 71.18000030517578125 71.0500030517578125 70.6100006103515625 70.12000274658203125 69.529998779296875 69.09999847412109375 68.54000091552734375 68.529998779296875 68.779998779296875 67.9499969482421875
110.3899993896484375 109.76999664306640625 109.56999969482421875 108.6699981689453125 107.660003662109375 106.40000152587890625 104.20999908447265625 102.12000274658203125 98.48999786376953125 94.8600006103515625 90.87999725341796875 85.37999725341796875 84.3300018310546875 87.18000030517578125 89.59999847412109375 92.51999664306640625 94.26999664306640625 94.12999725341796875 92.12000274658203125 89.529998779296875 87.26999664306640625 86.09999847412109375 82.94000244140625 80.55999755859375 77.09999847412109375 74.6399993896484375 73.3899993896484375 73.04000091552734375 72.720001220703125 72.37999725341796875 72.0800018310546875 71.839996337890625 71.68000030517578125 71.5500030517578125 71.51000213623046875 71.410003662109375 71.12999725341796875 70.04000091552734375 67.87000274658203125 67.51000213623046875 67.09999847412109375 66.910003662109375
107.76000213623046875 106.95999908447265625 106.65000152587890625 105.9199981689453125 106.1699981689453125 104.8300018310546875 102.73999786376953125 100.54000091552734375 96.87000274658203125 94.51999664306640625 90.12999725341796875 86.1399993896484375 80.94000244140625 84.0800018310546875 88.40000152587890625 89.70999908447265625 90.87000274658203125 90.84999847412109375 89.75 87.87999725341796875 86.6399993896484375 83.93000030517578125 81.62999725341796875 74.19000244140625 73.59999847412109375 73.19000244140625 72.4199981689453125 71.910003662109375 71.410003662109375 71.15000152587890625 70.59999847412109375 70.62999725341796875 70.339996337890625 70.59999847412109375 70.06999969482421875 69.98000335693359375 69.9499969482421875 69.970001220703125 70.1999969482421875 70.3000030517578125 70.20999908447265625 65.8000030517578125
104.279998779296875 104.06999969482421875 103.4499969482421875 103.76999664306640625 103.23000335693359375 102.3899993896484375 101.20999908447265625 99.40000152587890625 97.69000244140625 94.8600006103515625 90.73000335693359375 86.25 81.80999755859375 80.51999664306640625 82.37999725341796875 88.970001220703125 88.93000030517578125 89.410003662109375 88.30999755859375 87.3899993896484375 78.29000091552734375 74.20999908447265625 73.839996337890625 73.1100006103515625 72.5 72.34999847412109375 71.6999969482421875 70.87000274658203125 67.01999664306640625 64.089996337890625 62.25 61.3300018310546875 61.04000091552734375 64.339996337890625 68.12000274658203125 68.40000152587890625 68.51000213623046875 69.43000030517578125 69.06999969482421875 68.80999755859375 69.18000030517578125 69.45999908447265625
100.90000152587890625 100.34999847412109375 100.470001220703125 101.56999969482421875 100.6999969482421875 100.339996337890625 99.69000244140625 98.26999664306640625 96.23000335693359375 93.70999908447265625 91.3600006103515625 86.70999908447265625 81.73000335693359375 78.6100006103515625 81.51000213623046875 86.279998779296875 86.09999847412109375 87.09999847412109375 75.910003662109375 74.48999786376953125 74.43000030517578125 73.65000152587890625 72.45999908447265625 72.1399993896484375 78.81999969482421875 77.79000091552734375 74.79000091552734375 70.6999969482421875 66.160003662109375 59.479999542236328125 56.45999908447265625 56.43000030517578125 57.8600006103515625 60.029998779296875 65.01999664306640625 67.220001220703125 66.59999847412109375 66.20999908447265625 64.1399993896484375 65.26000213623046875 68.529998779296875 68.089996337890625
97.55999755859375 97.18000030517578125 97.06999969482421875 97.87000274658203125 98.18000030517578125 98.31999969482421875 98.04000091552734375 96.65000152587890625 94.69000244140625 92.98999786376953125 89.6399993896484375 86.23999786376953125 82.45999908447265625 78.4499969482421875 79.48000335693359375 82.8300018310546875 79.160003662109375 74.87000274658203125 74.9199981689453125 74.3000030517578125 73.31999969482421875 80.55999755859375 79.4499969482421875 79.1100006103515625 77.55999755859375 75.06999969482421875 72.9199981689453125 70.69000244140625 66.970001220703125 61.3600006103515625 58.45999908447265625 53.6699981689453125 54.70999908447265625 55.159999847412109375 63.119998931884765625 65.910003662109375 66.029998779296875 65.220001220703125 63.9199981689453125 61.84999847412109375 62.1699981689453125 62.81999969482421875
95.65000152587890625 93.68000030517578125 93.8000030517578125 94.339996337890625 95.6399993896484375 96.23999786376953125 95.73000335693359375 94.59999847412109375 92.80999755859375 90.76999664306640625 88.470001220703125 85.18000030517578125 81.279998779296875 81.25 76.30999755859375 75.339996337890625 75.31999969482421875 74.9199981689453125 73.48999786376953125 80.6100006103515625 79.73999786376953125 79.23000335693359375 77.31999969482421875 76.029998779296875 75.15000152587890625 72.95999908447265625 71.62999725341796875 70.84999847412109375 65.19000244140625 61.590000152587890625 58.04000091552734375 53.75 53.81999969482421875 54.970001220703125 60.590000152587890625 60.720001220703125 65.37999725341796875 64.6399993896484375 63.720001220703125 62.70999908447265625 59 61.6100006103515625
94.6699981689453125 91.6999969482421875 90.3600006103515625 90.970001220703125 92.94000244140625 93.5800018310546875 92.98000335693359375 92.779998779296875 91.09999847412109375 90.37000274658203125 87.18000030517578125 85.1699981689453125 79.12999725341796875 75.8300018310546875 75.94000244140625 75.3300018310546875 73.9199981689453125 78.9499969482421875 78.56999969482421875 78.12999725341796875 76.09999847412109375 75.6999969482421875 74.660003662109375 73.4199981689453125 72.45999908447265625 70.660003662109375 69.5800018310546875 68.09999847412109375 63.279998779296875 61.060001373291015625 52.909999847412109375 53.240001678466796875 52.5800018310546875 54.779998779296875 60.310001373291015625 59.84999847412109375 64.48000335693359375 64.69000244140625 63.6399993896484375 62.229999542236328125 58.43000030517578125 57.799999237060546875
92.6699981689453125 91.220001220703125 87.59999847412109375 87.59999847412109375 90.20999908447265625 90.0800018310546875 90.20999908447265625 90 88.79000091552734375 87.69000244140625 83.25 76.37999725341796875 76.4499969482421875 75.8300018310546875 74.93000030517578125 74.68000030517578125 77 76.48000335693359375 75.95999908447265625 75.44000244140625 74.0500030517578125 73.87000274658203125 72.37000274658203125 72.3000030517578125 71.410003662109375 69.910003662109375 68.84999847412109375 66.06999969482421875 62.490001678466796875 57.43000030517578125 52.029998779296875 51.970001220703125 52.04000091552734375 57.1100006103515625 60.560001373291015625 60.159999847412109375 63.990001678466796875 63.450000762939453125 62.779998779296875 61.93000030517578125 61.1100006103515625 57.04000091552734375
91.34999847412109375 89.8600006103515625 86.62999725341796875 83.839996337890625 86.529998779296875 87.09999847412109375 87.12999725341796875 86.87999725341796875 84.01000213623046875 76.98999786376953125 77.04000091552734375 76.3600006103515625 75.3300018310546875 74.6999969482421875 71.76000213623046875 73.15000152587890625 74.5500030517578125 73.95999908447265625 72.44000244140625 72.37999725341796875 71.9499969482421875 71.529998779296875 71.5500030517578125 71.4499969482421875 71.26999664306640625 69.90000152587890625 69.1399993896484375 66.95999908447265625 61.189998626708984375 56.439998626708984375 51.630001068115234375 51.779998779296875 50.659999847412109375 56.490001678466796875 59.130001068115234375 58.9199981689453125 63.729999542236328125 63.0800018310546875 62.18000030517578125 61.939998626708984375 60.8300018310546875 56.619998931884765625
88.76999664306640625 88 86.48000335693359375 81.76999664306640625 82.40000152587890625 83.779998779296875 83.4499969482421875 77.3600006103515625 77.48000335693359375 76.90000152587890625 75.34999847412109375 75.48000335693359375 77.69000244140625 75.23000335693359375 72.1699981689453125 71.37000274658203125 72 71.62999725341796875 71.43000030517578125 70.87999725341796875 70.62999725341796875 70.3899993896484375 69.779998779296875 69.68000030517578125 68.94000244140625 69.31999969482421875 69.54000091552734375 68.37999725341796875 62.470001220703125 58.229999542236328125 52.979999542236328125 48.84999847412109375 49.09999847412109375 51.6699981689453125 58.720001220703125 58.020000457763671875 57.729999542236328125 62.479999542236328125 61.880001068115234375 61.270000457763671875 60.220001220703125 59.619998931884765625
86.279998779296875 86.12000274658203125 83.6999969482421875 81.160003662109375 80.1999969482421875 77.839996337890625 77.910003662109375 77.37999725341796875 75.98000335693359375 75.37999725341796875 77.19000244140625 77.12999725341796875 75.79000091552734375 74.3000030517578125 71.90000152587890625 69.8000030517578125 70.20999908447265625 70.48000335693359375 70.410003662109375 70.089996337890625 68.6699981689453125 67.70999908447265625 67.25 67.37000274658203125 67.54000091552734375 67.55999755859375 67.529998779296875 68.8899993896484375 62.68000030517578125 58.6699981689453125 55.81999969482421875 50.40000152587890625 47.810001373291015625 48.520000457763671875 55.950000762939453125 57.59999847412109375 56.979999542236328125 61.990001678466796875 61.450000762939453125 60.6699981689453125 60.020000457763671875 58.939998626708984375
83.12999725341796875 81.160003662109375 81.8899993896484375 78.26000213623046875 78.37999725341796875 77.8899993896484375 76.660003662109375 76 75.76999664306640625 75.09999847412109375 73.839996337890625 73.8300018310546875 73.84999847412109375 72.81999969482421875 71.529998779296875 70.1699981689453125 69.43000030517578125 69.09999847412109375 68.79000091552734375 68.90000152587890625 67.1399993896484375 66.779998779296875 65.62000274658203125 65.5 64.19000244140625 64.37000274658203125 65.0800018310546875 67.15000152587890625 64.779998779296875 58.6100006103515625 55.43000030517578125 50.590000152587890625 47.229999542236328125 47.40000152587890625 52.560001373291015625 56.619998931884765625 56.090000152587890625 56.3300018310546875 61.04000091552734375 60.380001068115234375 59.590000152587890625 58.549999237060546875
81 78.84999847412109375 78.8300018310546875 78.54000091552734375 76.75 76.339996337890625 74.04000091552734375 73.5800018310546875 73.84999847412109375 72.04000091552734375 71.8600006103515625 72.029998779296875 72.01999664306640625 71.25 70.95999908447265625 69.45999908447265625 65.6999969482421875 67.55999755859375 67.23000335693359375 67.3600006103515625 66.80999755859375 64.87000274658203125 63.6699981689453125 62.229999542236328125 62.090000152587890625 61.6399993896484375 63.3300018310546875 65.68000030517578125 66.51999664306640625 61.869998931884765625 55.299999237060546875 50.15000152587890625 46.5800018310546875 46.299999237060546875 54.450000762939453125 55.380001068115234375 55.8600006103515625 55.4199981689453125 56.939998626708984375 58.029998779296875 58.40000152587890625 57.009998321533203125
79.279998779296875 78.93000030517578125 77.87000274658203125 76.95999908447265625 74.910003662109375 72.20999908447265625 71.55999755859375 70.30999755859375 70.23999786376953125 70.18000030517578125 70.04000091552734375 70.73999786376953125 70.30999755859375 70.20999908447265625 69.01999664306640625 68.3300018310546875 67.3899993896484375 64.26999664306640625 66.9499969482421875 65.93000030517578125 64.970001220703125 62.84999847412109375 61.810001373291015625 60.779998779296875 59.84999847412109375 59.59999847412109375 60.529998779296875 63.590000152587890625 67.160003662109375 65.6100006103515625 56.95999908447265625 49.950000762939453125 45.810001373291015625 45.40000152587890625 55.1399993896484375 54.8899993896484375 54.6399993896484375 54.25 54.869998931884765625 57.799999237060546875 57.4199981689453125 57.439998626708984375
77.8000030517578125 77.44000244140625 74.720001220703125 73.9499969482421875 72.06999969482421875 70.51000213623046875 69.44000244140625 68.05999755859375 67.87999725341796875 68.8000030517578125 68.62000274658203125 69.1100006103515625 69.6999969482421875 68.220001220703125 68.26000213623046875 67.09999847412109375 66.45999908447265625 65.720001220703125 65.81999969482421875 65.18000030517578125 63.189998626708984375 61.8899993896484375 60.56999969482421875 59.8300018310546875 58.70999908447265625 58.43000030517578125 58.5 60.45999908447265625 65.0500030517578125 65.779998779296875 59.310001373291015625 50.3899993896484375 44.93000030517578125 44.740001678466796875 52.380001068115234375 54.090000152587890625 53.81999969482421875 53.93000030517578125 54.590000152587890625 55.729999542236328125 57.380001068115234375 54.75
74.70999908447265625 72.62000274658203125 72.1699981689453125 72.73000335693359375 69.84999847412109375 68.1100006103515625 67.5800018310546875 67.0500030517578125 66.220001220703125 67.37000274658203125 67.25 67.51000213623046875 67.45999908447265625 66.8000030517578125 66.6100006103515625 66.43000030517578125 65.5800018310546875 64.160003662109375 64.43000030517578125 64.62000274658203125 63.970001220703125 61.200000762939453125 60.189998626708984375 58.729999542236328125 57.43000030517578125 56.740001678466796875 57.049999237060546875 59.1399993896484375 62.689998626708984375 65.8300018310546875 62.56999969482421875 51.479999542236328125 44.520000457763671875 44.259998321533203125 46.68000030517578125 52.490001678466796875 53.54000091552734375 54.18000030517578125 54.6399993896484375 57.810001373291015625 57.45999908447265625 52.939998626708984375
