includes/LCred4.asc
ncols        86
nrows        60
xllcorner    910637.500000000000
yllcorner    6233612.500000000000
cellsize     25.000000000000
NODATA_value  -99999
[rows 18 to 35 of 60, columns 0 to 41 of 86]
94.4499969482421875 93.660003662109375 92.62000274658203125 92.01999664306640625 90.48000335693359375 87.87999725341796875 86.6100006103515625 82.339996337890625 80.089996337890625 77.73000335693359375 75.75 72.48000335693359375 70.05999755859375 65.8300018310546875 63.950000762939453125 62.3300018310546875 61.18000030517578125 60.29000091552734375 57.770000457763671875 55.880001068115234375 56.0800018310546875 52.159999847412109375 50.0800018310546875 48.65000152587890625 45.560001373291015625 44.810001373291015625 43.520000457763671875 41.79000091552734375 38.590000152587890625 37.130001068115234375 36.18000030517578125 35.310001373291015625 33.79000091552734375 33.770000457763671875 30.780000686645507813 29.559999465942382813 28.70999908447265625 27.840000152587890625 27.54000091552734375 24.56999969482421875 24.120000839233398438 22.590000152587890625
102.94000244140625 99.720001220703125 90.68000030517578125 90.19000244140625 89.48000335693359375 87.5 86.05999755859375 82.44000244140625 80.15000152587890625 77.37999725341796875 74.87000274658203125 72.51999664306640625 69.93000030517578125 67.37999725341796875 65.75 64.910003662109375 61.450000762939453125 59.840000152587890625 58.29000091552734375 56.3600006103515625 55.6100006103515625 51.93000030517578125 50.700000762939453125 48.630001068115234375 46.54000091552734375 46.3600006103515625 44.04000091552734375 41.810001373291015625 39.75 38.54000091552734375 37.25 36.90000152587890625 35.18000030517578125 34.450000762939453125 31.870000839233398438 30.75 30.04000091552734375 27.950000762939453125 27.780000686645507813 25.059999465942382813 24.059999465942382813 22.479999542236328125
106.01999664306640625 101.76999664306640625 98.5 95.51999664306640625 91.4499969482421875 91.12000274658203125 85.339996337890625 78.910003662109375 74.3600006103515625 73.9499969482421875 73.410003662109375 72.05999755859375 69.6999969482421875 68.18000030517578125 65.26999664306640625 64.69000244140625 61.93000030517578125 59.65000152587890625 58.060001373291015625 55.490001678466796875 55.200000762939453125 52.020000457763671875 51.130001068115234375 48.720001220703125 46.740001678466796875 46.270000457763671875 44.310001373291015625 41.970001220703125 40.590000152587890625 39.340000152587890625 37.880001068115234375 36.880001068115234375 35.25 34.04000091552734375 32.220001220703125 31.450000762939453125 30.379999160766601563 28.93000030517578125 28.8899993896484375 26.940000534057617188 25.56999969482421875 24.379999160766601563
112.23000335693359375 108.01000213623046875 103.51000213623046875 99.30999755859375 95.76000213623046875 91.12000274658203125 88.51000213623046875 84.12999725341796875 78.19000244140625 77.48000335693359375 71.8000030517578125 68.5500030517578125 69.44000244140625 67.410003662109375 65.01000213623046875 64.12000274658203125 61.29000091552734375 59.270000457763671875 57.090000152587890625 55.1100006103515625 54.8600006103515625 50.590000152587890625 49.659999847412109375 49.1100006103515625 46.54000091552734375 45.3300018310546875 44.340000152587890625 41.950000762939453125 40.5 39.340000152587890625 38.29000091552734375 37.060001373291015625 35.700000762939453125 34.630001068115234375 32.04000091552734375 31.420000076293945313 30.5 28.950000762939453125 28.129999160766601563 27.559999465942382813 25.54000091552734375 23.29000091552734375
117 112.4499969482421875 108.30999755859375 103.410003662109375 99.12000274658203125 94.720001220703125 90.9499969482421875 84.910003662109375 81.68000030517578125 78.76999664306640625 75.98000335693359375 72.87999725341796875 70.37000274658203125 65.94000244140625 65.0500030517578125 60.020000457763671875 58.8300018310546875 55.909999847412109375 53.840000152587890625 54.65000152587890625 54.6100006103515625 51.990001678466796875 50.520000457763671875 48.909999847412109375 45.54000091552734375 44.29000091552734375 44.3600006103515625 42.020000457763671875 39.740001678466796875 38.68000030517578125 38.220001220703125 36.450000762939453125 35 33.43000030517578125 33.29000091552734375 31.370000839233398438 30.340000152587890625 29.049999237060546875 27.629999160766601563 26.969999313354492188 25 23.510000228881835938
120.3300018310546875 116.0500030517578125 110.65000152587890625 105.720001220703125 99.3600006103515625 95.44000244140625 93 86.98000335693359375 83.37000274658203125 79.5500030517578125 75.69000244140625 73.15000152587890625 70.23000335693359375 67.40000152587890625 64.339996337890625 63.8300018310546875 62 59.970001220703125 58.130001068115234375 56.520000457763671875 55.15000152587890625 54.220001220703125 52.700000762939453125 50 48.310001373291015625 46.3600006103515625 44.200000762939453125 42.090000152587890625 40.8300018310546875 39.220001220703125 37.470001220703125 36.590000152587890625 35.68000030517578125 33.950000762939453125 32.659999847412109375 32.15000152587890625 30.280000686645507813 29.370000839233398438 27.719999313354492188 26.719999313354492188 24.690000534057617188 23.54000091552734375
122.51999664306640625 117.37000274658203125 111.660003662109375 106.55999755859375 99.48000335693359375 96.19000244140625 92.69000244140625 86.6999969482421875 82.0800018310546875 79.15000152587890625 78.970001220703125 74.9499969482421875 70.8600006103515625 68.19000244140625 65.8300018310546875 63.04000091552734375 63.490001678466796875 63.200000762939453125 62.04000091552734375 61.060001373291015625 58.1100006103515625 55.8600006103515625 53.5 50.40000152587890625 48.79000091552734375 47.409999847412109375 44.18000030517578125 42.270000457763671875 39.560001373291015625 38.43000030517578125 35.659999847412109375 36.220001220703125 34.1100006103515625 33.43000030517578125 32.29000091552734375 31 29.54000091552734375 28.309999465942382813 27.309999465942382813 26.54000091552734375 23.950000762939453125 23.04000091552734375
123.73000335693359375 117.5800018310546875 111.37000274658203125 102.3000030517578125 98.660003662109375 93.160003662109375 88.80999755859375 89.19000244140625 86.410003662109375 83.73000335693359375 80.220001220703125 75.660003662109375 73.12000274658203125 70.8300018310546875 67.26999664306640625 67.12000274658203125 69.18000030517578125 66.4499969482421875 64.12000274658203125 61.90000152587890625 58.75 57.090000152587890625 54.520000457763671875 51.1100006103515625 49.700000762939453125 47.590000152587890625 43.8600006103515625 41.8300018310546875 39.520000457763671875 37.90000152587890625 32.65000152587890625 35.1100006103515625 34.520000457763671875 32.65000152587890625 31.969999313354492188 30.530000686645507813 29.799999237060546875 27.719999313354492188 26.81999969482421875 25.45999908447265625 23.780000686645507813 22.920000076293945313
121.79000091552734375 114.660003662109375 106.6999969482421875 100.62999725341796875 97.87999725341796875 97 95.8300018310546875 93.37999725341796875 89.51000213623046875 85.29000091552734375 79.76000213623046875 78.8300018310546875 77.12000274658203125 72.6100006103515625 71.26000213623046875 73.4499969482421875 72.0800018310546875 68.37999725341796875 66.48000335693359375 63.40000152587890625 59.65000152587890625 58.340000152587890625 55.25 52.200000762939453125 50.93000030517578125 48.090000152587890625 44.1100006103515625 42.1100006103515625 39.25 36.8600006103515625 35.15000152587890625 30.70999908447265625 32.659999847412109375 31.95999908447265625 30.350000381469726563 29.469999313354492188 28.649999618530273438 27.229999542236328125 26.79000091552734375 25.309999465942382813 24.200000762939453125 22.549999237060546875
114.87999725341796875 107.910003662109375 104.19000244140625 104.160003662109375 104.720001220703125 102.160003662109375 98.15000152587890625 93.9499969482421875 87.93000030517578125 84.76999664306640625 86.62000274658203125 82.62000274658203125 78.76999664306640625 75.720001220703125 77.51999664306640625 77.1100006103515625 73.3300018310546875 70.8000030517578125 67.73000335693359375 64.37000274658203125 61.25 58.720001220703125 55.560001373291015625 51.880001068115234375 50.130001068115234375 46.970001220703125 43.950000762939453125 41.380001068115234375 39 36.810001373291015625 33.880001068115234375 31.370000839233398438 29.559999465942382813 29.370000839233398438 29.420000076293945313 28.56999969482421875 27.840000152587890625 27.200000762939453125 25.690000534057617188 25.090000152587890625 24.020000457763671875 22.54000091552734375
115.48000335693359375 112.90000152587890625 112.089996337890625 113.3300018310546875 108.6100006103515625 104.4499969482421875 96.62999725341796875 93.43000030517578125 91.8000030517578125 92.26000213623046875 89.0800018310546875 85.339996337890625 80.720001220703125 78.339996337890625 80.470001220703125 77.5500030517578125 74.3600006103515625 72.40000152587890625 68.37000274658203125 65.37999725341796875 62.340000152587890625 59.409999847412109375 55.65000152587890625 52.950000762939453125 49.990001678466796875 47.060001373291015625 44.310001373291015625 41.15000152587890625 37.79000091552734375 35.79000091552734375 33.1100006103515625 31.649999618530273438 26.81999969482421875 26.950000762939453125 26.5 26.75 26.190000534057617188 25.969999313354492188 25.190000534057617188 24.260000228881835938 22.8899993896484375 22.129999160766601563
126.87999725341796875 123.1999969482421875 119.73000335693359375 114.660003662109375 109.23000335693359375 104.48000335693359375 104.80999755859375 102.410003662109375 98.51000213623046875 94.8000030517578125 91.98000335693359375 87.0500030517578125 83.94000244140625 82.1100006103515625 82.26000213623046875 79.470001220703125 75.98000335693359375 73.339996337890625 70.0800018310546875 66.589996337890625 63.470001220703125 61.270000457763671875 57.880001068115234375 54.060001373291015625 52.130001068115234375 48.54000091552734375 45.200000762939453125 42.5800018310546875 38.740001678466796875 36.25 33.1100006103515625 29.450000762939453125 28.770000457763671875 23.920000076293945313 25.670000076293945313 25.809999465942382813 25.530000686645507813 25.5 25.06999969482421875 23.8600006103515625 22.149999618530273438 21.440000534057617188
133.4600067138671875 129.3899993896484375 121.3300018310546875 112.470001220703125 114.26000213623046875 112.37999725341796875 110.160003662109375 107.48000335693359375 102.15000152587890625 97.43000030517578125 94.04000091552734375 90.79000091552734375 85.55999755859375 84.94000244140625 83.90000152587890625 82.01000213623046875 79.19000244140625 75.44000244140625 71.0500030517578125 68.0500030517578125 64.40000152587890625 62.240001678466796875 58.90000152587890625 55.700000762939453125 52.40000152587890625 49.450000762939453125 47.060001373291015625 43.270000457763671875 39.8300018310546875 35.770000457763671875 33.40000152587890625 30.559999465942382813 28.299999237060546875 25.370000839233398438 24.1399993896484375 22.04000091552734375 21.799999237060546875 23.06999969482421875 23.04000091552734375 22.18000030517578125 21.950000762939453125 20.799999237060546875
137.7700042724609375 129.75 120 122.12000274658203125 121.8300018310546875 118.43000030517578125 113.94000244140625 109.839996337890625 104.8300018310546875 100.80999755859375 96.410003662109375 92.589996337890625 88.910003662109375 90.3600006103515625 89.37999725341796875 85.69000244140625 81.4499969482421875 78.25 73.69000244140625 70.93000030517578125 66.5 64.1100006103515625 59.40000152587890625 56.720001220703125 52.6100006103515625 49.770000457763671875 46.970001220703125 43.590000152587890625 39.40000152587890625 35.8300018310546875 32.93000030517578125 30.479999542236328125 27.979999542236328125 24.219999313354492188 20.979999542236328125 21.479999542236328125 21.379999160766601563 21.06999969482421875 21.979999542236328125 21.450000762939453125 21.25 20.54000091552734375
139.4199981689453125 128.2700042724609375 129.8800048828125 129.5800018310546875 125.98000335693359375 121.3600006103515625 117.0500030517578125 112.5500030517578125 109.76999664306640625 102.87000274658203125 96.94000244140625 95.40000152587890625 96.6999969482421875 95.80999755859375 93.68000030517578125 89.410003662109375 84.660003662109375 80.87999725341796875 75.40000152587890625 72.0500030517578125 68.8300018310546875 65.8000030517578125 60.8600006103515625 58.130001068115234375 54 50.200000762939453125 46.65000152587890625 43.840000152587890625 39.79000091552734375 36.54000091552734375 32.68000030517578125 29.950000762939453125 27.95999908447265625 25 22.899999618530273438 20.75 20.29000091552734375 20.45999908447265625 19.93000030517578125 19.700000762939453125 18.3899993896484375 19.020000457763671875
140.8000030517578125 139.660003662109375 137.910003662109375 134 129.69000244140625 124.8000030517578125 120.18000030517578125 116.160003662109375 110.25 105.44000244140625 103.8300018310546875 102.75 102.220001220703125 99.43000030517578125 96.23000335693359375 92.30999755859375 87.26000213623046875 83.55999755859375 78.0500030517578125 73.3000030517578125 68.69000244140625 67.0500030517578125 62.520000457763671875 58.6100006103515625 54.6100006103515625 51.5 47.18000030517578125 43.990001678466796875 41.29000091552734375 36.93000030517578125 34.18000030517578125 31.020000457763671875 28.479999542236328125 25.450000762939453125 24.200000762939453125 21.04000091552734375 19.370000839233398438 19.200000762939453125 18.3600006103515625 17.850000381469726563 17.729999542236328125 17.440000534057617188
149.910003662109375 147.2400054931640625 142.100006103515625 137.4199981689453125 132.660003662109375 127.8000030517578125 122.51000213623046875 118.3600006103515625 112.87000274658203125 112.589996337890625 110.69000244140625 109.44000244140625 108.3300018310546875 103.01000213623046875 99.25 95.44000244140625 90.4499969482421875 85.5800018310546875 79.69000244140625 75.12000274658203125 70.80999755859375 67.55999755859375 62.700000762939453125 59.8600006103515625 55.40000152587890625 52 48.740001678466796875 44.659999847412109375 43.18000030517578125 38.68000030517578125 35.54000091552734375 33.04000091552734375 29.340000152587890625 25.29000091552734375 19.18000030517578125 21.469999313354492188 19.049999237060546875 18.81999969482421875 17.8600006103515625 17.29000091552734375 16.79000091552734375 15.899999618530273438
155.279998779296875 151.160003662109375 148.7100067138671875 144.9199981689453125 139.75 132.8300018310546875 125.720001220703125 121.839996337890625 120.68000030517578125 118.23000335693359375 117.3300018310546875 113.94000244140625 109.76000213623046875 105.5 99.5500030517578125 96.26999664306640625 90.8600006103515625 85.87000274658203125 80.37000274658203125 76.62999725341796875 71.410003662109375 66.8300018310546875 63.43000030517578125 60.020000457763671875 55.810001373291015625 52.54000091552734375 49.6100006103515625 45.380001068115234375 42.380001068115234375 39.29000091552734375 35.65000152587890625 33.18000030517578125 30.200000762939453125 20.6399993896484375 19.200000762939453125 19.049999237060546875 20.559999465942382813 18.950000762939453125 17.729999542236328125 17.56999969482421875 17.129999160766601563 14.609999656677246094
