includes/LCred4.asc
ncols        86
nrows        60
xllcorner    910637.500000000000
yllcorner    6233612.500000000000
cellsize     25.000000000000
NODATA_value  -99999
[rows 0 to 17 of 60, columns 42 to 83 of 86]
32.65000152587890625 31.379999160766601563 30.280000686645507813 29.6100006103515625 28.809999465942382813 27.940000534057617188 26.670000076293945313 24.629999160766601563 22.059999465942382813 21.29000091552734375 21.18000030517578125 24.600000381469726563 22.370000839233398438 20.370000839233398438 20.090000152587890625 18.840000152587890625 17.54000091552734375 16.020000457763671875 14.640000343322753906 14.060000419616699219 13.93000030517578125 13.090000152587890625 11.560000419616699219 13.140000343322753906 11.640000343322753906 9.56999969482421875 8.56999969482421875 7.6100001335144042969 8.3900003433227539063 8.31999969482421875 8.1899995803833007813 11.18000030517578125 10.600000381469726563 6.8800001144409179688 6.4200000762939453125 5.4400000572204589844 5.2600002288818359375 5.2100000381469726563 5.2100000381469726563 5.9200000762939453125 5.4800000190734863281 6.840000152587890625
32.380001068115234375 31.799999237060546875 31.440000534057617188 30.520000457763671875 29.520000457763671875 28.309999465942382813 26.81999969482421875 25.399999618530273438 24.379999160766601563 22.760000228881835938 22.5 24.899999618530273438 23.379999160766601563 22.700000762939453125 22.350000381469726563 20.04000091552734375 19.100000381469726563 17.04000091552734375 16.600000381469726563 15.590000152587890625 15.090000152587890625 14.25 15.100000381469726563 14.380000114440917969 12.270000457763671875 10.649999618530273438 9.2100000381469726563 7.9200000762939453125 7.6700000762939453125 7.4200000762939453125 7.0700001716613769531 7.4400000572204589844 7.090000152587890625 6.3800001144409179688 5.5700001716613769531 4.8800001144409179688 1.9199999570846557617 4.3600001335144042969 4.3800001144409179688 4.340000152587890625 5.4000000953674316406 7.1500000953674316406
31.590000152587890625 30.620000839233398438 29.799999237060546875 29.20999908447265625 28.030000686645507813 26.95999908447265625 26.370000839233398438 25.149999618530273438 24.690000534057617188 25.020000457763671875 27.100000381469726563 26.129999160766601563 24.850000381469726563 24.920000076293945313 23.600000381469726563 21.450000762939453125 23.620000839233398438 25.090000152587890625 23.770000457763671875 22.340000152587890625 18.530000686645507813 18.93000030517578125 17.229999542236328125 15.720000267028808594 13.279999732971191406 12.010000228881835938 10.850000381469726563 8.1099996566772460938 7.9800000190734863281 7.4800000190734863281 6.8600001335144042969 10.93000030517578125 6.2300000190734863281 5.9000000953674316406 5.4800000190734863281 5.9800000190734863281 4.8600001335144042969 4.0500001907348632813 4.090000152587890625 3.6400001049041748047 4.2600002288818359375 4.5100002288818359375
31.5 30.350000381469726563 28.979999542236328125 28.780000686645507813 27.31999969482421875 26.229999542236328125 25.780000686645507813 25.68000030517578125 25.010000228881835938 26.840000152587890625 28.479999542236328125 27.340000152587890625 28.600000381469726563 26.629999160766601563 26.75 27.450000762939453125 28.31999969482421875 30.1399993896484375 28.440000534057617188 26.04000091552734375 21.850000381469726563 19.950000762939453125 17.399999618530273438 16.479999542236328125 14.770000457763671875 14.939999580383300781 13.060000419616699219 10.920000076293945313 9.9700002670288085938 7.6700000762939453125 7.6900000572204589844 8.6899995803833007813 6.2300000190734863281 5.6900000572204589844 5.5500001907348632813 5.0100002288818359375 4.8800001144409179688 4.7300000190734863281 4.1100001335144042969 4.1500000953674316406 3.6400001049041748047 3.3199999332427978516
31.129999160766601563 29.729999542236328125 29.200000762939453125 28.729999542236328125 27.8899993896484375 26.54000091552734375 26.309999465942382813 25.799999237060546875 25.479999542236328125 28.700000762939453125 28.940000534057617188 28.780000686645507813 30.229999542236328125 30.06999969482421875 31.8899993896484375 32.54000091552734375 32.3600006103515625 30.600000381469726563 28.29000091552734375 25.090000152587890625 22.25 20.18000030517578125 17.81999969482421875 16.6399993896484375 15.850000381469726563 14.810000419616699219 14.060000419616699219 14.439999580383300781 14.640000343322753906 12.520000457763671875 11.43000030517578125 9.090000152587890625 6.5500001907348632813 6.1500000953674316406 4.1700000762939453125 4.5500001907348632813 4.2100000381469726563 3.9600000381469726563 2.9900000095367431641 3.0899999141693115234 3.4800000190734863281 3.3299999237060546875
30.3899993896484375 29.850000381469726563 29.440000534057617188 28.700000762939453125 27.620000839233398438 26.809999465942382813 26.420000076293945313 26.350000381469726563 27.520000457763671875 29.129999160766601563 29.1100006103515625 28.809999465942382813 31.059999465942382813 35.68000030517578125 35.490001678466796875 33.90000152587890625 32.240001678466796875 30.549999237060546875 27.700000762939453125 24.799999237060546875 22.6100006103515625 20.690000534057617188 18.29000091552734375 16.170000076293945313 15.270000457763671875 13.859999656677246094 13.5 13.850000381469726563 14.68000030517578125 13.310000419616699219 11.5 9.31999969482421875 6.9200000762939453125 5.5500001907348632813 5.1700000762939453125 5.0700001716613769531 3.5 3.5999999046325683594 3.0299999713897705078 2.9400000572204589844 2.9800000190734863281 2.7100000381469726563
30.43000030517578125 29.520000457763671875 29.559999465942382813 29.1100006103515625 28.170000076293945313 26.920000076293945313 26.870000839233398438 26.840000152587890625 27.770000457763671875 29.29000091552734375 29.1100006103515625 29.18000030517578125 29.370000839233398438 34.810001373291015625 34.25 33.0800018310546875 31.870000839233398438 30.120000839233398438 27.1399993896484375 24.629999160766601563 22.629999160766601563 21.590000152587890625 18.170000076293945313 15.600000381469726563 12.5 12.56999969482421875 12.890000343322753906 14.279999732971191406 14.560000419616699219 14.020000457763671875 11.479999542236328125 10.890000343322753906 8.3100004196166992188 6.1900000572204589844 4.9800000190734863281 4.4600000381469726563 3.5099999904632568359 4.0500001907348632813 2.8299999237060546875 2.8399999141693115234 2.7699999809265136719 1.6900000572204589844
30.520000457763671875 29.590000152587890625 28.56999969482421875 28.29000091552734375 27.729999542236328125 27.3600006103515625 27.06999969482421875 27.520000457763671875 27.950000762939453125 29.510000228881835938 29.559999465942382813 29.370000839233398438 29.600000381469726563 33.590000152587890625 33.15000152587890625 32.630001068115234375 30.81999969482421875 29.450000762939453125 27.649999618530273438 24.79000091552734375 23.81999969482421875 21.049999237060546875 16.920000076293945313 14.390000343322753906 12.600000381469726563 12.189999580383300781 13.060000419616699219 14.300000190734863281 14.359999656677246094 12.81999969482421875 10.890000343322753906 10.100000381469726563 7.0500001907348632813 5.1700000762939453125 5.0500001907348632813 4.0300002098083496094 3.25 3.2799999713897705078 2.5299999713897705078 2.5799999237060546875 2.1400001049041748047 0.54000002145767211914
30.8600006103515625 29.81999969482421875 29.440000534057617188 28.68000030517578125 28.170000076293945313 28.280000686645507813 27.68000030517578125 27.719999313354492188 30.149999618530273438 29.559999465942382813 29.549999237060546875 29.450000762939453125 29.530000686645507813 32.560001373291015625 32.560001373291015625 31.719999313354492188 30.8899993896484375 29.18000030517578125 27.629999160766601563 26.06999969482421875 23.29000091552734375 19.090000152587890625 15.960000038146972656 13.520000457763671875 12.270000457763671875 11.970000267028808594 12.390000343322753906 12.68000030517578125 13.859999656677246094 12 10.770000457763671875 9.8999996185302734375 7.2100000381469726563 2.8499999046325683594 2.6500000953674316406 3.4700000286102294922 2.9200000762939453125 2.25 2.5 2.6700000762939453125 1.7200000286102294922 -0.93000000715255737305
30.840000152587890625 30.030000686645507813 29.06999969482421875 28.700000762939453125 28.379999160766601563 28.049999237060546875 27.969999313354492188 28.299999237060546875 30.649999618530273438 29.68000030517578125 29.350000381469726563 29.379999160766601563 29.219999313354492188 30.450000762939453125 31.219999313354492188 31.04000091552734375 30.340000152587890625 28.799999237060546875 27.620000839233398438 25.700000762939453125 22.1100006103515625 18.18000030517578125 15.020000457763671875 13.68000030517578125 13.050000190734863281 12.18000030517578125 12.140000343322753906 12.149999618530273438 13.100000381469726563 11.670000076293945313 10.520000457763671875 10.270000457763671875 7.6100001335144042969 2.8199999332427978516 2.2999999523162841797 2.3199999332427978516 2.1400001049041748047 0.57999998331069946289 0.31000000238418579102 1.2100000381469726563 1.7400000095367431641 -0.67000001668930053711
30.780000686645507813 30 29.200000762939453125 28.729999542236328125 28.379999160766601563 28.1399993896484375 28.440000534057617188 30.840000152587890625 30.229999542236328125 29.690000534057617188 29.5 28.549999237060546875 28.5 28.899999618530273438 30.04000091552734375 30.31999969482421875 29.940000534057617188 28.510000228881835938 26.600000381469726563 24.549999237060546875 21.120000839233398438 16.729999542236328125 14.520000457763671875 13.68000030517578125 12.560000419616699219 12.270000457763671875 12.350000381469726563 12.640000343322753906 11.140000343322753906 11.350000381469726563 10.520000457763671875 10.779999732971191406 7.9000000953674316406 8.3500003814697265625 3.0699999332427978516 1.870000004768371582 -0.66000002622604370117 -1.870000004768371582 -1.0800000429153442383 -0.34000000357627868652 1.5099999904632568359 1.0199999809265136719
30.31999969482421875 30.030000686645507813 28.95999908447265625 28.3899993896484375 27.870000839233398438 28.120000839233398438 28.440000534057617188 30.68000030517578125 29.940000534057617188 29.030000686645507813 28.879999160766601563 28.450000762939453125 28.190000534057617188 28.600000381469726563 29.1399993896484375 29.170000076293945313 28.370000839233398438 27.370000839233398438 26.229999542236328125 24.120000839233398438 21.549999237060546875 18.270000457763671875 15.18000030517578125 14.600000381469726563 12.890000343322753906 12.520000457763671875 12.560000419616699219 12.520000457763671875 11.710000038146972656 10.68000030517578125 10.390000343322753906 8.6000003814697265625 8.93000030517578125 7.3000001907348632813 2.0599999427795410156 1.7999999523162841797 -2.2999999523162841797 -2.4100000858306884766 -2.2799999713897705078 -1.4400000572204589844 -1.8400000333786010742 -2.0799999237060546875
30.04000091552734375 28.95999908447265625 28.100000381469726563 27.940000534057617188 27.440000534057617188 28.120000839233398438 28.29000091552734375 30.5 28.93000030517578125 28.280000686645507813 28.719999313354492188 28.280000686645507813 27.649999618530273438 27.870000839233398438 28.06999969482421875 28.20999908447265625 27.629999160766601563 26.45999908447265625 25.54000091552734375 23.120000839233398438 21.68000030517578125 18.219999313354492188 16.479999542236328125 17.04000091552734375 15.029999732971191406 14.970000267028808594 14.010000228881835938 13.220000267028808594 10.770000457763671875 10.220000267028808594 9.840000152587890625 8.4600000381469726563 9.3900003433227539063 2.3399999141693115234 -1 -1.7200000286102294922 0.93999999761581420898 -2.4000000953674316406 -2.7300000190734863281 -3.2100000381469726563 -3.0399999618530273438 -1.8400000333786010742
28.399999618530273438 28.29000091552734375 27.95999908447265625 27.649999618530273438 27.309999465942382813 27.04000091552734375 29.350000381469726563 30.25 28.81999969482421875 27.770000457763671875 27.760000228881835938 28.370000839233398438 27.549999237060546875 27.629999160766601563 27.629999160766601563 27.530000686645507813 26.56999969482421875 25.81999969482421875 24.5 22.3899993896484375 21.020000457763671875 17.510000228881835938 16.700000762939453125 17.530000686645507813 16.120000839233398438 14.390000343322753906 13.31999969482421875 11.460000038146972656 11.18000030517578125 10.100000381469726563 8.43000030517578125 7.1100001335144042969 4.1900000572204589844 2 -1.2100000381469726563 -1.2999999523162841797 -0.15000000596046447754 -2.1600000858306884766 -2.7999999523162841797 -3.3800001144409179688 -3.7899999618530273438 -3.8199999332427978516
25.29000091552734375 24.79000091552734375 25.399999618530273438 24.29000091552734375 25.370000839233398438 25.780000686645507813 28.799999237060546875 29 28.870000839233398438 27.04000091552734375 26 26.280000686645507813 26.54000091552734375 26.530000686645507813 26.149999618530273438 26.79000091552734375 25.649999618530273438 24.43000030517578125 23.3600006103515625 21.770000457763671875 19.420000076293945313 17.840000152587890625 17.370000839233398438 17.280000686645507813 15.520000457763671875 14.470000267028808594 13.25 10.770000457763671875 9.3999996185302734375 9.8599996566772460938 8.0500001907348632813 7.0300002098083496094 2.4600000381469726563 1.9400000572204589844 0.80000001192092895508 1.6900000572204589844 -1.379999995231628418 -1.7000000476837158203 -2.2100000381469726563 -2.6099998950958251953 -4.090000152587890625 -4.0100002288818359375
23.6100006103515625 23.45999908447265625 22.950000762939453125 22.79000091552734375 23.04000091552734375 24.170000076293945313 27.1399993896484375 28.56999969482421875 27.170000076293945313 26.3600006103515625 25.100000381469726563 25.899999618530273438 26.1100006103515625 25.670000076293945313 25.420000076293945313 25.79000091552734375 23.620000839233398438 23.090000152587890625 21.370000839233398438 20.450000762939453125 19.049999237060546875 17.600000381469726563 17.440000534057617188 16.670000076293945313 15.850000381469726563 15.600000381469726563 13.810000419616699219 11.020000457763671875 9.5600004196166992188 7.8800001144409179688 7.9600000381469726563 2.9500000476837158203 2.5699999332427978516 1.9700000286102294922 -0.60000002384185791016 -1.870000004768371582 -0.94999998807907104492 -1.4700000286102294922 -2.0599999427795410156 -2.6500000953674316406 -3 -4.2800002098083496094
23.200000762939453125 22.629999160766601563 22.350000381469726563 22.010000228881835938 21.870000839233398438 23.29000091552734375 24.559999465942382813 27.93000030517578125 26.3899993896484375 25.200000762939453125 24.690000534057617188 24.549999237060546875 25.030000686645507813 25.06999969482421875 24.870000839233398438 25.43000030517578125 23.8899993896484375 22.649999618530273438 21.1399993896484375 20.020000457763671875 18.340000152587890625 17.799999237060546875 17.450000762939453125 17.010000228881835938 16.6100006103515625 15.479999542236328125 12.720000267028808594 10.460000038146972656 8.8999996185302734375 7.5700001716613769531 7.6500000953674316406 2.5299999713897705078 2.3199999332427978516 0.0099999997764825820923 -1.8400000333786010742 -2.1500000953674316406 -1.0499999523162841797 -1.4600000381469726563 -2.0199999809265136719 -2.9500000476837158203 -2.8599998950958251953 -3.5
22.559999465942382813 22.20999908447265625 21.45999908447265625 20.620000839233398438 20.5 20.729999542236328125 22.93000030517578125 26.940000534057617188 25.270000457763671875 24.04000091552734375 24.260000228881835938 24.1399993896484375 24.3899993896484375 24.590000152587890625 24.6399993896484375 25.370000839233398438 23.20999908447265625 22.260000228881835938 20.3600006103515625 19.809999465942382813 18.950000762939453125 18.149999618530273438 17.950000762939453125 17.420000076293945313 17.530000686645507813 13.210000038146972656 11.68000030517578125 10.56999969482421875 7.7800002098083496094 4.3200001716613769531 2.9300000667572021484 2.0399999618530273438 1.9500000476837158203 0.55000001192092895508 -2.0699999332427978516 -1.6699999570846557617 -2.4900000095367431641 -1.5399999618530273438 -2.1900000572204589844 -2.6400001049041748047 -2.5399999618530273438 -3.0299999713897705078
