includes/LCred4_5m.asc
ncols         430
nrows         300
xllcorner     910637.5
yllcorner     6233612.5
cellsize      5.0
[rows 95 to 113 of 300, columns 44 to 87 of 430]
78.74476821357959 77.42614809742358 77.25074878622836 76.8847484940768 76.86166536739339 76.6428430674314 75.26038976059266 75.07634322154207 74.74596682587632 74.61029653282624 74.38213762455733 72.98208367053965 72.76318714031775 72.4077218106992 72.15314203611025 71.92770930954316 70.35520652142102 70.12749756744338 69.8240517464415 69.47024258598252 69.21129481463906 67.76617466126957 67.5208776143657 67.20540716515141 66.87621317883821 66.69277139607271 65.54801076726729 65.41025395171573 65.26358220066898 64.97102935120974 64.8524627478894 63.924535844641106 63.82480545623852 63.616838482627024 63.349171586578514 63.133658297673996 62.16972542814608 61.965186962628586 61.67957361978389 61.362194567262854 61.22729449410664 60.22708495677353 60.0951695490215 59.8633183488628
78.6624658583016 77.34962117211711 76.97222088819247 76.89227092069852 76.68664125457673 76.55727461267324 75.19149527010805 74.82759226373065 74.70337198867655 74.5317735478774 74.32195463681063 72.95685280311001 72.55811247734816 72.41038306758261 72.23318868878319 71.90618905763502 70.36762587291335 70.01314438385748 69.84948687563762 69.66158622794357 69.24125102047928 67.84154117443885 67.46468810462258 67.31102079461688 67.15332813452535 66.78725062667195 65.67743865063049 65.50809042110227 65.44660067171006 65.31743730495153 64.98532369416891 64.09374292937358 63.9471341503335 63.95792041167276 63.70294297837933 63.264057552811494 62.24394320480009 61.841693234231265 61.667035077746306 61.565130533690485 61.22526492632098 60.228314552230145 59.9563186848514 59.84769193266345
78.56379390298927 77.01010693488156 76.91927398206506 77.37999725341797 76.6715817234395 76.33515035054344 74.93316421560867 74.76874047382367 74.87000274658203 74.51387477857305 74.2466558441568 72.73490167747187 72.53058917818629 72.5199966430664 72.24617069209145 71.97553799647368 70.2435817596766 70.00771952229898 69.93000030517578 69.702916404552 69.43194360881962 67.7395027470475 67.50210693482812 67.37999725341797 67.23083678475753 67.02266312689355 65.70300230755726 65.59804168613545 65.75 65.42872939048684 65.25752847497498 64.06907997048917 64.12398083011396 64.91000366210938 63.90093577133202 63.46763103011172 62.138904089826134 61.82954524806809 61.45000076293945 61.568028325424194 61.43331915764208 60.10218801674607 59.940067369869695 59.84000015258789
78.0980346652173 76.87815938493586 76.70350634675192 76.6642558037226 76.445911794152 75.94497599475069 74.96539872153664 74.66723991432927 74.57163755097054 74.39915863394016 73.95626755064335 72.84812156875763 72.49625149930402 72.36370446802015 72.18767294696984 71.71519930606895 70.50771512127237 70.01543971766962 69.85971011986898 69.68674846675154 69.2662610083333 68.01162755466478 67.55900066824863 67.40475847363496 67.26150938439243 66.88754189658076 65.96092905079759 65.623632052587 65.54861652251067 65.43306150594752 65.26839855763367 64.2726467689388 64.06673280198926 64.06514616319326 63.817836207098246 63.46664175454371 62.29504855199595 61.90628858409404 61.71368233643293 61.60496032067328 61.401004659444496 60.2466424250387 59.948964385253035 59.837566708779754
77.76508202695321 76.57287133381293 76.42965154586949 76.27849196829656 75.89973129629321 75.73530621528174 74.79804154513636 74.64512715236273 74.39352673342104 74.03948992605102 73.86600947888468 72.77370040571245 72.5899498162437 72.28854878941087 71.89764619482249 71.68763437426576 70.4826840931212 70.27268275340964 69.84384421670595 69.50034851144373 69.29443589544307 68.0425794602342 67.85060662492494 67.46575050514954 67.13614707908032 66.94228629098693 65.98814838511987 65.84275649878941 65.52964570107817 65.40311636158108 65.29244027226258 64.26157307593976 64.17976610685207 63.910063431015196 63.727812599359005 63.47981884239181 62.32872854821867 62.08735477950102 61.80327602933735 61.60899677006291 61.4343154002927 60.24301477406219 60.0885369791388 59.82980761334114
77.23022413145006 76.09991366553857 75.93513942438713 75.55550607483565 75.29655854705436 75.19391431847058 74.30300843156976 74.15299894833558 73.69217084932603 73.31255184984106 73.14644972410915 72.08628842032108 71.94067503330771 71.66801171642538 71.49327241947894 71.28633056442509 70.10616432732466 69.92666189914424 69.63830895009018 69.5531380913538 69.37491459194975 68.15207772261758 67.98788311420908 67.67381237419191 67.389771884411 67.17769735827966 66.19541510805438 66.01318681563738 65.77478307525446 65.57990673459042 65.49451365973793 64.4704666210741 64.37799055462992 64.09469362930601 63.86702009471808 63.634842348202284 62.49313391603254 62.254168452195515 61.896566460370565 61.57799097138622 61.379898680329454 60.17072261321118 60.005430468308916 59.70495918361712
76.90895954581654 75.86202687007118 75.37434498484276 75.12775111017218 75.17918013382916 74.99839321349415 74.17267812428328 73.68161915661729 73.54363041854717 73.4337351415613 73.01862152140484 72.00321747319514 71.74012014365985 71.66853955771928 71.48820148944579 71.22148308108277 70.06737300701243 69.7396394295218 69.62282956021156 69.48987204303812 69.3634698459658 68.18279669887686 67.86616519291964 67.77968213541881 67.58060697762075 67.18698868626436 66.1796944707909 65.8282595605457 65.66274320269365 65.6202672933612 65.44766065559371 64.46836413131544 64.22574754278145 64.18424489422449 63.98576226162439 63.63580331168994 62.50115747976957 62.07339385410191 61.907406840590674 61.74468128652263 61.37075096666387 60.169598748735176 59.807923714391215 59.679618094095986
77.1824321560235 75.50970352069251 75.14901230829025 73.94999694824219 74.97759081877966 75.08032305244932 73.75825233367435 73.57826140959038 73.41000366210938 73.34879817937724 73.17485787337957 71.76444828042294 71.69659903195544 72.05999755859375 71.48015088759382 71.18724727124767 69.86351544732314 69.70056380517332 69.69999694824219 69.49022920890958 69.2987825262073 68.00560948761007 67.90244968682158 68.18000030517578 67.64525872970295 67.31945776469328 66.04029342734238 65.75137401988295 65.2699966430664 65.5608647915103 65.52912908841503 64.27339601454658 64.26166801871419 64.69000244140625 64.04966846141511 63.71215779991083 62.30480676904499 62.05181601513007 61.93000030517578 61.75773779109113 61.520598674889804 59.978557889683906 59.77748533113221 59.650001525878906
76.95802797765631 75.5926285723574 75.31185222101963 75.0717238914671 75.10752410670189 74.77510966393054 73.7814800154289 73.52932728017608 73.39021284953066 73.24784465399888 72.79651071678049 71.73207040008617 71.53114389102257 71.4872429757055 71.300523636001 70.84315036000528 69.93635183025984 69.64937216501964 69.55902153457626 69.43262552904258 69.06626948797636 68.117571983729 67.85100251762037 67.76617629373365 67.56338050541481 67.1321501699438 66.09733676261547 65.7933191992853 65.62780875690291 65.57855761778413 65.39936998385501 64.40626668970093 64.18119091174712 64.14590065342857 63.94599362303816 63.54960997120612 62.432160972908946 62.047367570314925 61.88570194076102 61.72047115409064 61.292614554121386 60.05916941639054 59.77179160718212 59.64354127513858
77.205224308383 75.7467760845355 75.60038790542947 75.4208968683676 75.00792177624682 74.85854332809875 73.74354909188055 73.51602836662863 73.27690732651905 72.84466857236411 72.65213450936261 71.52684140475326 71.37225751833824 71.17251196559967 70.81766925654091 70.68558822349193 69.82120138230269 69.70914436009467 69.47657777816869 69.16944137106738 69.02592793210978 68.06635804144202 67.90702232186214 67.64144599903852 67.31929729089136 67.0959791592802 66.07396572462291 65.87404673908722 65.67965286818301 65.47483369447698 65.38618925507505 64.34624439973761 64.25401257568434 63.99058836254516 63.71894621690317 63.501336719967235 62.38624233450384 62.15588282719327 61.84164527471281 61.470565440702075 61.26948577494728 60.01960938950125 59.84024245596262 59.609428419096666
77.71861334161395 76.22890118464719 76.12581290137267 76.00606232799417 75.45871815982898 75.19269970426654 73.94462447039176 73.61268810254847 73.32576429825455 72.810460324012 72.62372822240576 71.4430366305364 71.1952222100093 70.97494589749377 70.60458133247312 70.5780377824528 69.78376084190333 69.6994836541919 69.3898501150703 69.05558254791046 68.90591727525685 67.9407985617144 67.76016812229427 67.44818650992171 67.09208827005615 66.88138728925217 65.87140425368673 65.68367735702967 65.21258655235232 65.04293980611088 64.91842088655193 63.85748488732154 63.76247032532509 63.37059622700717 63.08892419842729 62.854582799079324 61.74579160800818 61.5434014188388 61.05137721929533 60.92732401927625 60.70803232088991 59.45734214269826 59.29786754100116 58.845292466302816
77.98467520894975 76.5327663780387 76.46901213919178 76.46230676081746 76.15644635368061 75.37410446993053 73.99286171017884 73.43928535797308 73.05469368539136 73.01289032666351 72.52520215247324 71.30351997195685 70.8248529999119 70.45720493307694 70.61339011610443 70.43367075167129 69.73390315009631 69.4492470074665 69.37776945582735 69.26700320096995 68.86523983642873 67.90787191691015 67.54535076628643 67.39956388249315 67.24638628999004 66.82587562702157 65.82292304811897 65.27866607172568 65.13327804208215 65.03340414437208 64.84392429981443 63.81165684907739 63.46062120289369 63.42932486509279 63.199051877520134 62.771003382695184 61.65976225538091 61.131635739661895 61.00912796126275 60.81792528777783 60.61221415784689 59.38395048228742 58.92254709830872 58.84031385008398
78.5987039763274 76.72443992847751 76.74263181045538 77.4800033569336 76.43993382464026 75.9004666822376 73.9965177208325 73.3184004086204 71.80000305175781 72.913292341551 72.88849734435478 71.21204259483824 70.56825278712864 68.55000305175781 70.37521919431964 70.7105208898302 69.50253301240406 69.44399845685352 69.44000244140625 69.27597700766665 69.07875435807057 67.7121617877171 67.5000047348194 67.41000366210938 67.22932126290262 66.99325726471943 65.43350870715743 65.20809798623088 65.01000213623047 64.98139954097994 64.83728699310306 63.456512174382404 63.45777249712336 64.12000274658203 63.21422574245622 62.813390364814786 61.22033675044623 61.05769469837513 61.290000915527344 60.77939000702536 60.47707024031714 58.96703528070928 58.871981664556614 59.27000045776367
78.81953469508832 77.1051650693636 76.80778695119065 76.74831803549392 76.45600902445287 76.1438409389742 74.28581229744434 73.63113700832606 73.21153357387732 73.17172122650989 72.98433192097559 71.45564635073114 70.90891857928526 70.5242960041989 70.68177088937286 70.66473198796379 69.62468199227789 69.46690138788694 69.38444903375458 69.25939672740708 68.88314565082878 67.82838729368544 67.47173294593355 67.32637031488169 67.16542135768803 66.78336584626514 65.42073223412363 65.18321012054847 65.0437828838557 64.91788805325176 64.54268750957976 63.412970827024495 63.251426685178636 63.22633115283212 62.9660823791318 62.491966573988265 61.145605785203024 60.89367555060552 60.80092526219909 60.587642425733534 60.05942101535298 58.85757941624651 58.684499257189934 58.62257760681911
79.09597835336938 77.28546168176632 77.1383470254758 76.76761768702228 76.66859006165085 76.32528836273201 74.52193846363942 74.14553404093213 73.74235732684642 73.5094854436325 73.26506593047138 71.72321716820231 71.44438578171594 71.1492521683722 70.93267976169795 70.88862948696482 69.71552288554282 69.61168044892068 69.41541539210287 69.09490631485772 68.88665742165512 67.77871049408063 67.54793547543241 67.23924876600493 66.91683046566256 66.73354448839615 65.34927861441022 65.16950641869283 64.99226863403861 64.62972289153473 64.43518971996973 63.2128800545083 63.026443450238716 62.81265767965536 62.4725465366869 62.25607511908893 60.90561384153334 60.71701459576428 60.502705259362806 60.062300523885675 59.85296903583525 58.62387412800535 58.435016874570486 58.264546007778385
80.46238928640442 78.60662002892451 78.38781224672888 78.03450875670185 77.44939022273817 77.13545034947907 75.38256836682712 75.07420022665842 74.71988843999344 74.14541700221461 73.83782911359229 72.2934818398363 72.07586252375714 71.81307618278767 71.41390656898756 71.25341810451964 69.98807012981396 69.8508669756903 69.57524039161754 69.1542786671576 68.89037134842027 67.71293237599848 67.42586701618478 67.03688725543485 66.68448481505861 66.53490013553493 65.16301665155855 65.00197324319119 64.786393836554 64.43478337879112 64.18700134860735 62.876289624586065 62.57447861633811 62.32358638185462 62.07037711264174 61.94465712836286 60.619008553737295 60.40663772596894 60.206990347015775 59.84122265141322 59.67418634298459 58.43055473638541 58.16585759764412 57.963426639351965
80.6399060232607 78.80735901904349 78.42039603561784 78.28480592841913 78.01485638944249 77.31466323195936 75.62422614754401 75.26423051250407 75.14482116370765 74.81809285012307 74.11143900934465 72.58223425084309 72.27933688330016 72.20394050185564 71.97261007837358 71.4605187808595 70.15429318009322 69.86124261156155 69.77975195776214 69.52418729589458 68.92855674706571 67.67822733792768 67.09663185960763 66.80268380391679 66.75876956286163 66.45953119502214 65.13857050634583 64.9223538471861 64.80929241702204 64.60592792112095 64.10602221164415 62.71425400652337 62.18714392982079 61.78558817381302 61.86392800187548 61.73754011164221 60.46244026255183 60.144051189765115 59.87532721649928 59.86391361411914 59.51778426598282 58.27070629949327 57.85516198893679 57.49659845526973
81.14570521761574 78.76888777685922 78.56116347225652 78.7699966430664 78.19483265208525 77.80007696114835 75.63361937637657 75.46780207591887 75.9800033569336 75.0798981972632 74.60978869471055 72.62498421090349 72.48075728290756 72.87999725341797 72.19155330726474 71.84465321964147 70.0998121753853 69.97880133297953 70.37000274658203 69.65398350077682 69.21446761010183 67.46645377417951 66.96066712965217 65.94000244140625 66.65203973927697 66.64302015913333 65.04825965620053 64.92270689495716 65.05000305175781 64.63399840710471 64.26480500775405 62.59399178425933 61.9047041060444 60.02000045776367 61.61494807526162 61.8038073954184 60.3761615560652 59.97595268240466 58.83000183105469 59.72879524472231 59.718831975845006 58.207265359959386 57.620674517972525 55.90999984741211
81.09349499388406 79.30851370973257 78.63067987457941 78.46471500487282 78.21449102880783 77.86941074663272 76.15315450726473 75.49290819977003 75.36012222517016 75.06765615200733 74.53525908764693 72.9217077350441 72.52974598334613 72.42057678747527 72.19742810937333 71.92878106712675 70.31612359775188 69.9743780432127 69.86176934569131 69.59926630754829 69.28190869645677 67.6534927101543 67.10397394942713 66.8037534019764 66.75405902332201 66.49545224732643 65.092903231684 64.8942729358459 64.78225568615784 64.57553556732246 64.07198742895505 62.73411487050112 62.171184162818555 61.77589597652712 61.85936043410658 61.7000689552378 60.529812904505484 60.17224301339645 59.905067723086894 59.900278087356924 59.54402749084881 58.39061424373387 57.904568109728146 57.5418481189047
