includes/LCred3.asc
ncols        97
nrows        71
xllcorner    910787.500000000000
yllcorner    6233337.500000000000
cellsize     25.000000000000
NODATA_value  -99999
[rows 0 to 19 of 71, columns 0 to 44 of 97]
-99999.0 -99999 -99999 -99999 -99999 -99999 -99999 -99999 -99999 -99999 -99999 -99999 -99999 -99999 -99999 58.43000030517578125 56.54000091552734375 55.060001373291015625 53.090000152587890625 55.15000152587890625 54.15000152587890625 51.970001220703125 49.380001068115234375 45.060001373291015625 42.40000152587890625 39.090000152587890625 39.18000030517578125 38.240001678466796875 37.43000030517578125 36.68000030517578125 34 34.240001678466796875 33.3600006103515625 33.0800018310546875 33.520000457763671875 33.020000457763671875 32.65000152587890625 31.379999160766601563 30.280000686645507813 29.6100006103515625 28.809999465942382813 27.940000534057617188 26.670000076293945313 24.629999160766601563 22.059999465942382813
-99999 -99999 -99999 -99999 -99999 -99999 -99999 -99999 -99999 -99999 -99999 -99999 -99999 -99999 -99999 57.3600006103515625 56.880001068115234375 55.470001220703125 54.310001373291015625 55 54.340000152587890625 53.310001373291015625 48.43000030517578125 44.740001678466796875 41.40000152587890625 40.1100006103515625 39.700000762939453125 38.93000030517578125 38.18000030517578125 37.560001373291015625 37.060001373291015625 36.060001373291015625 34.950000762939453125 34.25 33.6100006103515625 33 32.380001068115234375 31.799999237060546875 31.440000534057617188 30.520000457763671875 29.520000457763671875 28.309999465942382813 26.81999969482421875 25.399999618530273438 24.379999160766601563
-99999 -99999 -99999 -99999 -99999 -99999 -99999 -99999 -99999 -99999 -99999 -99999 -99999 -99999 -99999 56.220001220703125 55.770000457763671875 55.270000457763671875 54.720001220703125 54.29000091552734375 53.75 52.270000457763671875 46.990001678466796875 45.29000091552734375 41.720001220703125 40.8300018310546875 39.630001068115234375 39.840000152587890625 38.560001373291015625 38.6100006103515625 36.970001220703125 36.240001678466796875 35.520000457763671875 33.520000457763671875 32.810001373291015625 32.130001068115234375 31.590000152587890625 30.620000839233398438 29.799999237060546875 29.20999908447265625 28.030000686645507813 26.95999908447265625 26.370000839233398438 25.149999618530273438 24.690000534057617188
-99999 -99999 -99999 -99999 -99999 -99999 -99999 -99999 -99999 -99999 -99999 -99999 -99999 -99999 -99999 54.240001678466796875 54 53.6100006103515625 53.6100006103515625 53.740001678466796875 53.18000030517578125 50.990001678466796875 48.200000762939453125 45.450000762939453125 42.200000762939453125 41.93000030517578125 41.720001220703125 40.700000762939453125 39.3300018310546875 38.770000457763671875 37 36.659999847412109375 35.3600006103515625 33.3600006103515625 32.5800018310546875 31.809999465942382813 31.5 30.350000381469726563 28.979999542236328125 28.780000686645507813 27.31999969482421875 26.229999542236328125 25.780000686645507813 25.68000030517578125 25.010000228881835938
-99999 -99999 -99999 -99999 -99999 -99999 -99999 -99999 -99999 -99999 -99999 -99999 -99999 -99999 -99999 51.04000091552734375 52.700000762939453125 51.880001068115234375 51.950000762939453125 52.560001373291015625 52.630001068115234375 50.200000762939453125 47.470001220703125 43.90000152587890625 43.0800018310546875 43.090000152587890625 42.79000091552734375 42.520000457763671875 40.6100006103515625 40.840000152587890625 38.720001220703125 37.950000762939453125 35.8600006103515625 33.18000030517578125 32.200000762939453125 31.370000839233398438 31.129999160766601563 29.729999542236328125 29.200000762939453125 28.729999542236328125 27.8899993896484375 26.54000091552734375 26.309999465942382813 25.799999237060546875 25.479999542236328125
-99999 -99999 -99999 -99999 -99999 -99999 -99999 -99999 -99999 -99999 -99999 -99999 -99999 -99999 -99999 50.1100006103515625 50.04000091552734375 50.200000762939453125 51.220001220703125 51.93000030517578125 51.79000091552734375 50.450000762939453125 47.43000030517578125 44.590000152587890625 42.8600006103515625 43.090000152587890625 43.200000762939453125 43.75 42.470001220703125 43.54000091552734375 39.29000091552734375 38.380001068115234375 35.3300018310546875 33.970001220703125 32.43000030517578125 31.280000686645507813 30.3899993896484375 29.850000381469726563 29.440000534057617188 28.700000762939453125 27.620000839233398438 26.809999465942382813 26.420000076293945313 26.350000381469726563 27.520000457763671875
-99999 -99999 -99999 -99999 -99999 -99999 -99999 -99999 -99999 -99999 -99999 -99999 -99999 -99999 -99999 49.15000152587890625 49.450000762939453125 48.950000762939453125 49.43000030517578125 49.43000030517578125 49.200000762939453125 49.8300018310546875 47.090000152587890625 45.590000152587890625 44 43.520000457763671875 43.720001220703125 43.970001220703125 44.220001220703125 46.200000762939453125 42.490001678466796875 38.520000457763671875 36.060001373291015625 34.470001220703125 33.25 31.559999465942382813 30.43000030517578125 29.520000457763671875 29.559999465942382813 29.1100006103515625 28.170000076293945313 26.920000076293945313 26.870000839233398438 26.840000152587890625 27.770000457763671875
-99999 -99999 -99999 -99999 -99999 -99999 -99999 -99999 -99999 -99999 -99999 -99999 -99999 -99999 -99999 48.5 48.200000762939453125 46.990001678466796875 46.880001068115234375 48.0800018310546875 49.130001068115234375 48.470001220703125 46.590000152587890625 44.79000091552734375 44.5 44.380001068115234375 44.090000152587890625 44.18000030517578125 44.15000152587890625 46.5 44.65000152587890625 39.909999847412109375 38.740001678466796875 35.0800018310546875 33.8300018310546875 31.79000091552734375 30.520000457763671875 29.590000152587890625 28.56999969482421875 28.29000091552734375 27.729999542236328125 27.3600006103515625 27.06999969482421875 27.520000457763671875 27.950000762939453125
-99999 -99999 -99999 -99999 -99999 -99999 -99999 -99999 -99999 -99999 -99999 -99999 -99999 -99999 -99999 49.220001220703125 48.380001068115234375 45.950000762939453125 45.720001220703125 45.200000762939453125 47.270000457763671875 47.159999847412109375 46.18000030517578125 44.909999847412109375 44.75 44.3600006103515625 43.590000152587890625 43.75 43.970001220703125 44.130001068115234375 44.770000457763671875 40.270000457763671875 39.990001678466796875 35.270000457763671875 33.25 32.130001068115234375 30.8600006103515625 29.81999969482421875 29.440000534057617188 28.68000030517578125 28.170000076293945313 28.280000686645507813 27.68000030517578125 27.719999313354492188 30.149999618530273438
-99999 -99999 -99999 -99999 -99999 -99999 -99999 -99999 -99999 -99999 -99999 -99999 -99999 -99999 -99999 49.18000030517578125 48.6100006103515625 45.6100006103515625 45.3600006103515625 45.6100006103515625 46.740001678466796875 45.75 46.810001373291015625 45.720001220703125 45.020000457763671875 44.200000762939453125 43.740001678466796875 43.090000152587890625 43.0800018310546875 41.630001068115234375 40.68000030517578125 40.490001678466796875 39.950000762939453125 37.15000152587890625 33.490001678466796875 32.470001220703125 30.840000152587890625 30.030000686645507813 29.06999969482421875 28.700000762939453125 28.379999160766601563 28.049999237060546875 27.969999313354492188 28.299999237060546875 30.649999618530273438
-99999 -99999 -99999 -99999 -99999 -99999 -99999 -99999 -99999 -99999 -99999 -99999 -99999 -99999 -99999 49.560001373291015625 46.15000152587890625 45.5 44.490001678466796875 43.270000457763671875 43.490001678466796875 45.060001373291015625 46.159999847412109375 45.840000152587890625 45.29000091552734375 44.65000152587890625 43.490001678466796875 42.840000152587890625 41.270000457763671875 39.970001220703125 39.720001220703125 39.90000152587890625 38.700000762939453125 36.720001220703125 34.090000152587890625 31.93000030517578125 30.780000686645507813 30 29.200000762939453125 28.729999542236328125 28.379999160766601563 28.1399993896484375 28.440000534057617188 30.840000152587890625 30.229999542236328125
-99999 -99999 -99999 -99999 -99999 -99999 -99999 -99999 -99999 -99999 -99999 -99999 -99999 -99999 -99999 49.3600006103515625 47.8600006103515625 45.720001220703125 44.130001068115234375 40.79000091552734375 43.130001068115234375 43.40000152587890625 45.25 45.1100006103515625 44.990001678466796875 44.700000762939453125 44.220001220703125 42.490001678466796875 40.93000030517578125 39.79000091552734375 39.18000030517578125 34.840000152587890625 34.880001068115234375 36.220001220703125 33.65000152587890625 31.729999542236328125 30.31999969482421875 30.030000686645507813 28.95999908447265625 28.3899993896484375 27.870000839233398438 28.120000839233398438 28.440000534057617188 30.68000030517578125 29.940000534057617188
-99999 -99999 -99999 -99999 -99999 -99999 -99999 -99999 -99999 -99999 -99999 -99999 -99999 -99999 -99999 48.810001373291015625 46.3600006103515625 45.79000091552734375 42.720001220703125 41.700000762939453125 41.1100006103515625 42 43.720001220703125 42.520000457763671875 43.15000152587890625 44.1100006103515625 43.40000152587890625 41.18000030517578125 40.840000152587890625 34.950000762939453125 34.720001220703125 34.5 34.090000152587890625 32.740001678466796875 32.520000457763671875 31.229999542236328125 30.04000091552734375 28.95999908447265625 28.100000381469726563 27.940000534057617188 27.440000534057617188 28.120000839233398438 28.29000091552734375 30.5 28.93000030517578125
-99999 -99999 -99999 -99999 -99999 -99999 -99999 -99999 -99999 -99999 -99999 -99999 -99999 -99999 -99999 48.340000152587890625 46.659999847412109375 46.310001373291015625 42.770000457763671875 41.8600006103515625 38.520000457763671875 40.75 39.340000152587890625 41.6100006103515625 41.310001373291015625 42.04000091552734375 41.659999847412109375 41.310001373291015625 41.310001373291015625 34.740001678466796875 34.700000762939453125 34.130001068115234375 33.6100006103515625 30.54000091552734375 28.68000030517578125 28.399999618530273438 28.399999618530273438 28.29000091552734375 27.95999908447265625 27.649999618530273438 27.309999465942382813 27.04000091552734375 29.350000381469726563 30.25 28.81999969482421875
-99999 -99999 -99999 -99999 -99999 -99999 -99999 -99999 -99999 -99999 -99999 -99999 -99999 -99999 -99999 49.0800018310546875 47.40000152587890625 45.450000762939453125 43.159999847412109375 41.6100006103515625 39.04000091552734375 39.810001373291015625 39 35.950000762939453125 38.1100006103515625 38.68000030517578125 41.15000152587890625 41.130001068115234375 41.380001068115234375 34.340000152587890625 34.18000030517578125 33.770000457763671875 30.299999237060546875 27.979999542236328125 26.70999908447265625 26.100000381469726563 25.29000091552734375 24.79000091552734375 25.399999618530273438 24.29000091552734375 25.370000839233398438 25.780000686645507813 28.799999237060546875 29 28.870000839233398438
-99999 -99999 -99999 -99999 -99999 -99999 -99999 -99999 -99999 -99999 -99999 -99999 -99999 -99999 -99999 50.770000457763671875 48.659999847412109375 45.310001373291015625 43.93000030517578125 41.40000152587890625 39.560001373291015625 39.340000152587890625 37.04000091552734375 36.25 34.29000091552734375 34.200000762939453125 35.79000091552734375 38.220001220703125 37.18000030517578125 34.68000030517578125 34.220001220703125 33.54000091552734375 28.3600006103515625 26.010000228881835938 25.049999237060546875 24.79000091552734375 23.6100006103515625 23.45999908447265625 22.950000762939453125 22.79000091552734375 23.04000091552734375 24.170000076293945313 27.1399993896484375 28.56999969482421875 27.170000076293945313
-99999 -99999 -99999 -99999 -99999 -99999 -99999 -99999 -99999 -99999 -99999 -99999 -99999 -99999 -99999 51.68000030517578125 48.880001068115234375 47.18000030517578125 43.8600006103515625 41.520000457763671875 41.25 40.060001373291015625 37.6100006103515625 36.490001678466796875 33.340000152587890625 32.93000030517578125 32.090000152587890625 31.450000762939453125 30.840000152587890625 34.1100006103515625 34.18000030517578125 31.760000228881835938 26.200000762939453125 25.770000457763671875 25.219999313354492188 24.54000091552734375 23.200000762939453125 22.629999160766601563 22.350000381469726563 22.010000228881835938 21.870000839233398438 23.29000091552734375 24.559999465942382813 27.93000030517578125 26.3899993896484375
-99999 -99999 -99999 -99999 -99999 -99999 -99999 -99999 -99999 -99999 -99999 -99999 -99999 -99999 -99999 51.560001373291015625 49.270000457763671875 48.200000762939453125 44.450000762939453125 43.700000762939453125 42.970001220703125 40.970001220703125 38.40000152587890625 36.470001220703125 35.65000152587890625 34.720001220703125 32.5 31.450000762939453125 30.399999618530273438 29.350000381469726563 28.200000762939453125 27.81999969482421875 27.780000686645507813 25.6100006103515625 24.850000381469726563 23.879999160766601563 22.559999465942382813 22.20999908447265625 21.45999908447265625 20.620000839233398438 20.5 20.729999542236328125 22.93000030517578125 26.940000534057617188 25.270000457763671875
-99999 -99999 -99999 -99999 -99999 -99999 -99999 -99999 -99999 -99999 -99999 -99999 -99999 -99999 -99999 52.159999847412109375 50.0800018310546875 48.65000152587890625 45.560001373291015625 44.810001373291015625 43.520000457763671875 41.79000091552734375 38.590000152587890625 37.130001068115234375 36.18000030517578125 35.310001373291015625 33.79000091552734375 33.770000457763671875 30.780000686645507813 29.559999465942382813 28.70999908447265625 27.840000152587890625 27.54000091552734375 24.56999969482421875 24.120000839233398438 22.590000152587890625 21.729999542236328125 20.799999237060546875 20.20999908447265625 20.3600006103515625 19.870000839233398438 20.270000457763671875 21.299999237060546875 26.270000457763671875 24.45999908447265625
-99999 -99999 -99999 -99999 -99999 -99999 -99999 -99999 -99999 -99999 -99999 -99999 -99999 -99999 -99999 51.93000030517578125 50.700000762939453125 48.630001068115234375 46.54000091552734375 46.3600006103515625 44.04000091552734375 41.810001373291015625 39.75 38.54000091552734375 37.25 36.90000152587890625 35.18000030517578125 34.450000762939453125 31.870000839233398438 30.75 30.04000091552734375 27.950000762939453125 27.780000686645507813 25.059999465942382813 24.059999465942382813 22.479999542236328125 22.100000381469726563 21.1100006103515625 20.370000839233398438 19.870000839233398438 20.190000534057617188 20.020000457763671875 20.54000091552734375 25.31999969482421875 22.940000534057617188
