includes/LCred.asc
ncols        319
nrows        303
xllcorner    907337.500000000000
yllcorner    6231537.500000000000
cellsize     25.000000000000
NODATA_value  -99999
[rows 171 to 189 of 303, columns 168 to 209 of 319]
39.18000030517578125 34.840000152587890625 34.880001068115234375 36.220001220703125 33.65000152587890625 31.729999542236328125 30.31999969482421875 30.030000686645507813 28.95999908447265625 28.3899993896484375 27.870000839233398438 28.120000839233398438 28.440000534057617188 30.68000030517578125 29.940000534057617188 29.030000686645507813 28.879999160766601563 28.450000762939453125 28.190000534057617188 28.600000381469726563 29.1399993896484375 29.170000076293945313 28.370000839233398438 27.370000839233398438 26.229999542236328125 24.120000839233398438 21.549999237060546875 18.270000457763671875 15.18000030517578125 14.600000381469726563 12.890000343322753906 12.520000457763671875 12.560000419616699219 12.520000457763671875 11.710000038146972656 10.68000030517578125 10.390000343322753906 8.6000003814697265625 8.93000030517578125 7.3000001907348632813 2.0599999427795410156 1.7999999523162841797
34.720001220703125 34.5 34.090000152587890625 32.740001678466796875 32.520000457763671875 31.229999542236328125 30.04000091552734375 28.95999908447265625 28.100000381469726563 27.940000534057617188 27.440000534057617188 28.120000839233398438 28.29000091552734375 30.5 28.93000030517578125 28.280000686645507813 28.719999313354492188 28.280000686645507813 27.649999618530273438 27.870000839233398438 28.06999969482421875 28.20999908447265625 27.629999160766601563 26.45999908447265625 25.54000091552734375 23.120000839233398438 21.68000030517578125 18.219999313354492188 16.479999542236328125 17.04000091552734375 15.029999732971191406 14.970000267028808594 14.010000228881835938 13.220000267028808594 10.770000457763671875 10.220000267028808594 9.840000152587890625 8.4600000381469726563 9.3900003433227539063 2.3399999141693115234 -1 -1.7200000286102294922
34.700000762939453125 34.130001068115234375 33.6100006103515625 30.54000091552734375 28.68000030517578125 28.399999618530273438 28.399999618530273438 28.29000091552734375 27.95999908447265625 27.649999618530273438 27.309999465942382813 27.04000091552734375 29.350000381469726563 30.25 28.81999969482421875 27.770000457763671875 27.760000228881835938 28.370000839233398438 27.549999237060546875 27.629999160766601563 27.629999160766601563 27.530000686645507813 26.56999969482421875 25.81999969482421875 24.5 22.3899993896484375 21.020000457763671875 17.510000228881835938 16.700000762939453125 17.530000686645507813 16.120000839233398438 14.390000343322753906 13.31999969482421875 11.460000038146972656 11.18000030517578125 10.100000381469726563 8.43000030517578125 7.1100001335144042969 4.1900000572204589844 2 -1.2100000381469726563 -1.2999999523162841797
34.18000030517578125 33.770000457763671875 30.299999237060546875 27.979999542236328125 26.70999908447265625 26.100000381469726563 25.29000091552734375 24.79000091552734375 25.399999618530273438 24.29000091552734375 25.370000839233398438 25.780000686645507813 28.799999237060546875 29 28.870000839233398438 27.04000091552734375 26 26.280000686645507813 26.54000091552734375 26.530000686645507813 26.149999618530273438 26.79000091552734375 25.649999618530273438 24.43000030517578125 23.3600006103515625 21.770000457763671875 19.420000076293945313 17.840000152587890625 17.370000839233398438 17.280000686645507813 15.520000457763671875 14.470000267028808594 13.25 10.770000457763671875 9.3999996185302734375 9.8599996566772460938 8.0500001907348632813 7.0300002098083496094 2.4600000381469726563 1.9400000572204589844 0.80000001192092895508 1.6900000572204589844
34.220001220703125 33.54000091552734375 28.3600006103515625 26.010000228881835938 25.049999237060546875 24.79000091552734375 23.6100006103515625 23.45999908447265625 22.950000762939453125 22.79000091552734375 23.04000091552734375 24.170000076293945313 27.1399993896484375 28.56999969482421875 27.170000076293945313 26.3600006103515625 25.100000381469726563 25.899999618530273438 26.1100006103515625 25.670000076293945313 25.420000076293945313 25.79000091552734375 23.620000839233398438 23.090000152587890625 21.370000839233398438 20.450000762939453125 19.049999237060546875 17.600000381469726563 17.440000534057617188 16.670000076293945313 15.850000381469726563 15.600000381469726563 13.810000419616699219 11.020000457763671875 9.5600004196166992188 7.8800001144409179688 7.9600000381469726563 2.9500000476837158203 2.5699999332427978516 1.9700000286102294922 -0.60000002384185791016 -1.870000004768371582
34.18000030517578125 31.760000228881835938 26.200000762939453125 25.770000457763671875 25.219999313354492188 24.54000091552734375 23.200000762939453125 22.629999160766601563 22.350000381469726563 22.010000228881835938 21.870000839233398438 23.29000091552734375 24.559999465942382813 27.93000030517578125 26.3899993896484375 25.200000762939453125 24.690000534057617188 24.549999237060546875 25.030000686645507813 25.06999969482421875 24.870000839233398438 25.43000030517578125 23.8899993896484375 22.649999618530273438 21.1399993896484375 20.020000457763671875 18.340000152587890625 17.799999237060546875 17.450000762939453125 17.010000228881835938 16.6100006103515625 15.479999542236328125 12.720000267028808594 10.460000038146972656 8.8999996185302734375 7.5700001716613769531 7.6500000953674316406 2.5299999713897705078 2.3199999332427978516 0.0099999997764825820923 -1.8400000333786010742 -2.1500000953674316406
28.200000762939453125 27.81999969482421875 27.780000686645507813 25.6100006103515625 24.850000381469726563 23.879999160766601563 22.559999465942382813 22.20999908447265625 21.45999908447265625 20.620000839233398438 20.5 20.729999542236328125 22.93000030517578125 26.940000534057617188 25.270000457763671875 24.04000091552734375 24.260000228881835938 24.1399993896484375 24.3899993896484375 24.590000152587890625 24.6399993896484375 25.370000839233398438 23.20999908447265625 22.260000228881835938 20.3600006103515625 19.809999465942382813 18.950000762939453125 18.149999618530273438 17.950000762939453125 17.420000076293945313 17.530000686645507813 13.210000038146972656 11.68000030517578125 10.56999969482421875 7.7800002098083496094 4.3200001716613769531 2.9300000667572021484 2.0399999618530273438 1.9500000476837158203 0.55000001192092895508 -2.0699999332427978516 -1.6699999570846557617
28.70999908447265625 27.840000152587890625 27.54000091552734375 24.56999969482421875 24.120000839233398438 22.590000152587890625 21.729999542236328125 20.799999237060546875 20.20999908447265625 20.3600006103515625 19.870000839233398438 20.270000457763671875 21.299999237060546875 26.270000457763671875 24.45999908447265625 23.5 22.120000839233398438 22.6100006103515625 23.969999313354492188 24.1100006103515625 23.879999160766601563 24.649999618530273438 22.719999313354492188 22.370000839233398438 21.70999908447265625 20.340000152587890625 18.68000030517578125 17.75 19.020000457763671875 16.8899993896484375 17.729999542236328125 13.399999618530273438 11.720000267028808594 10.380000114440917969 7.7800002098083496094 4.3800001144409179688 3.2899999618530273438 1.4099999666213989258 1.6699999570846557617 1.5800000429153442383 -1.3500000238418579102 -2.5399999618530273438
30.04000091552734375 27.950000762939453125 27.780000686645507813 25.059999465942382813 24.059999465942382813 22.479999542236328125 22.100000381469726563 21.1100006103515625 20.370000839233398438 19.870000839233398438 20.190000534057617188 20.020000457763671875 20.54000091552734375 25.31999969482421875 22.940000534057617188 21.620000839233398438 20.95999908447265625 22.549999237060546875 24.04000091552734375 23.8899993896484375 21.45999908447265625 24.18000030517578125 22.920000076293945313 22.190000534057617188 21.68000030517578125 19.940000534057617188 18.920000076293945313 18.809999465942382813 18.950000762939453125 17.950000762939453125 15.550000190734863281 13.060000419616699219 11.460000038146972656 10.600000381469726563 4.8200001716613769531 3.8800001144409179688 2.6700000762939453125 1.2100000381469726563 1.2000000476837158203 1.3600000143051147461 1.7899999618530273438 -1.4600000381469726563
30.379999160766601563 28.93000030517578125 28.8899993896484375 26.940000534057617188 25.56999969482421875 24.379999160766601563 23.149999618530273438 21.70999908447265625 20.809999465942382813 19.950000762939453125 19.950000762939453125 20.399999618530273438 21.170000076293945313 21.440000534057617188 21.469999313354492188 20.54000091552734375 19.920000076293945313 20.879999160766601563 22.04000091552734375 23.010000228881835938 23.56999969482421875 23.370000839233398438 22.690000534057617188 22.25 20.979999542236328125 20.350000381469726563 18.760000228881835938 17.809999465942382813 17.450000762939453125 17.760000228881835938 16.260000228881835938 12.140000343322753906 10.710000038146972656 7.6900000572204589844 4.7600002288818359375 4.3800001144409179688 1.2999999523162841797 -1.5800000429153442383 -1.9099999666213989258 0.81999999284744262695 1.120000004768371582 1.2799999713897705078
30.5 28.950000762939453125 28.129999160766601563 27.559999465942382813 25.54000091552734375 23.29000091552734375 23.120000839233398438 21.870000839233398438 20.54000091552734375 19.3600006103515625 17.56999969482421875 17.06999969482421875 18.850000381469726563 20.6100006103515625 20.68000030517578125 19.420000076293945313 18.5 18.340000152587890625 21.75 24.3600006103515625 26.030000686645507813 25.760000228881835938 22.840000152587890625 21.590000152587890625 21.04000091552734375 19.280000686645507813 18.780000686645507813 17.649999618530273438 17.450000762939453125 17.379999160766601563 15.189999580383300781 12.270000457763671875 10.060000419616699219 7.4600000381469726563 5.1100001335144042969 1.370000004768371582 1.1699999570846557617 -2 -2.5399999618530273438 -2.3900001049041748047 -2.7000000476837158203 -0.23000000417232513428
30.340000152587890625 29.049999237060546875 27.629999160766601563 26.969999313354492188 25 23.510000228881835938 22.600000381469726563 20.870000839233398438 20.620000839233398438 19.420000076293945313 17.719999313354492188 17.149999618530273438 16.399999618530273438 17.270000457763671875 18.79000091552734375 18.440000534057617188 17.969999313354492188 17.6100006103515625 21.54000091552734375 25.450000762939453125 26.370000839233398438 25.870000839233398438 21.200000762939453125 19.780000686645507813 19.450000762939453125 18.95999908447265625 18.45999908447265625 17.840000152587890625 17.04000091552734375 16.620000839233398438 15.130000114440917969 12.350000381469726563 9.9700002670288085938 6.8800001144409179688 5.4600000381469726563 1.4199999570846557617 0.69999998807907104492 -2.3900001049041748047 -2.6500000953674316406 -2.6700000762939453125 -3.1300001144409179688 1
30.280000686645507813 29.370000839233398438 27.719999313354492188 26.719999313354492188 24.690000534057617188 23.54000091552734375 22.379999160766601563 21.56999969482421875 20.760000228881835938 19.010000228881835938 17.770000457763671875 16.5 15.720000267028808594 15.550000190734863281 18.149999618530273438 17.29000091552734375 15.970000267028808594 15.75 16.090000152587890625 21.450000762939453125 22.129999160766601563 21.43000030517578125 20.090000152587890625 19.54000091552734375 19.04000091552734375 18.75 17.840000152587890625 17.950000762939453125 16.979999542236328125 16.420000076293945313 14.350000381469726563 11.590000152587890625 10.149999618530273438 7.2600002288818359375 5.3000001907348632813 1.3500000238418579102 -0.85000002384185791016 -3.2699999809265136719 -3.6500000953674316406 -3.1800000667572021484 -2.9700000286102294922 2.7300000190734863281
29.54000091552734375 28.309999465942382813 27.309999465942382813 26.54000091552734375 23.950000762939453125 23.04000091552734375 22.04000091552734375 21.200000762939453125 19.690000534057617188 18.3600006103515625 17.280000686645507813 16 15.420000076293945313 15.439999580383300781 15.600000381469726563 16.3899993896484375 15.220000267028808594 14.649999618530273438 15.090000152587890625 20.120000839233398438 21.059999465942382813 20.879999160766601563 20.559999465942382813 19.20999908447265625 18.840000152587890625 18.200000762939453125 18.04000091552734375 17.530000686645507813 17.149999618530273438 15.109999656677246094 13.720000267028808594 11.600000381469726563 9.2200002670288085938 6.4200000762939453125 4.9600000381469726563 1.370000004768371582 -2.8399999141693115234 -2.5799999237060546875 -3.6800000667572021484 -3.5 -0.050000000745058059692 -0.63999998569488525391
29.799999237060546875 27.719999313354492188 26.81999969482421875 25.45999908447265625 23.780000686645507813 22.920000076293945313 22.049999237060546875 21.120000839233398438 19.31999969482421875 17.979999542236328125 16.799999237060546875 16.190000534057617188 14.850000381469726563 14.560000419616699219 14.729999542236328125 15.460000038146972656 14.640000343322753906 13.260000228881835938 13.689999580383300781 16.350000381469726563 21.370000839233398438 20.649999618530273438 19.879999160766601563 19 17.93000030517578125 17.79000091552734375 17.629999160766601563 16.950000762939453125 16.100000381469726563 15.390000343322753906 12.75 11.43000030517578125 7.0100002288818359375 5.1100001335144042969 4.6700000762939453125 1.1699999570846557617 -3.0199999809265136719 -3.7000000476837158203 -3.8399999141693115234 -3.6900000572204589844 0.86000001430511474609 -4.9400000572204589844
28.649999618530273438 27.229999542236328125 26.79000091552734375 25.309999465942382813 24.200000762939453125 22.549999237060546875 21.6399993896484375 20.700000762939453125 19.190000534057617188 17.420000076293945313 16.620000839233398438 15.140000343322753906 14.81999969482421875 13.810000419616699219 13.020000457763671875 13.609999656677246094 13.479999542236328125 12.020000457763671875 12.010000228881835938 16.719999313354492188 19.200000762939453125 19.379999160766601563 18.43000030517578125 18.04000091552734375 17.379999160766601563 16.940000534057617188 16.43000030517578125 16.340000152587890625 16.3899993896484375 14.279999732971191406 13.31999969482421875 10.06999969482421875 7.3000001907348632813 4.75 4.6100001335144042969 1.3600000143051147461 -2.9900000095367431641 -3.9300000667572021484 -3.75 -4 -0.14000000059604644775 -4.9000000953674316406
27.840000152587890625 27.200000762939453125 25.690000534057617188 25.090000152587890625 24.020000457763671875 22.54000091552734375 21.79000091552734375 20.280000686645507813 19.3899993896484375 18.6100006103515625 16.719999313354492188 15.050000190734863281 14.770000457763671875 13.310000419616699219 12.899999618530273438 12.770000457763671875 11.859999656677246094 10.880000114440917969 11.420000076293945313 12.170000076293945313 17.440000534057617188 18.059999465942382813 18.43000030517578125 17.200000762939453125 17 16.870000839233398438 16.229999542236328125 15.560000419616699219 14.970000267028808594 14.420000076293945313 13.060000419616699219 10.979999542236328125 8.4600000381469726563 4.9200000762939453125 4.6900000572204589844 1.2300000190734863281 -2.5299999713897705078 -3.1300001144409179688 -3.8800001144409179688 -4.2100000381469726563 -4.6500000953674316406 1.75
26.190000534057617188 25.969999313354492188 25.190000534057617188 24.260000228881835938 22.8899993896484375 22.129999160766601563 21.120000839233398438 19.950000762939453125 18.950000762939453125 17.440000534057617188 16.719999313354492188 14.270000457763671875 13.689999580383300781 12.31999969482421875 12.25 11.420000076293945313 10.970000267028808594 10.640000343322753906 10.649999618530273438 10.31999969482421875 15.800000190734863281 15.899999618530273438 16.370000839233398438 15.93000030517578125 15.800000190734863281 15.880000114440917969 15.689999580383300781 15.800000190734863281 14.399999618530273438 14.31999969482421875 12.520000457763671875 10.100000381469726563 7.6300001144409179688 4.840000152587890625 4.340000152587890625 0.91000002622604370117 -2 -2.6900000572204589844 -3.3399999141693115234 -4.5500001907348632813 0.91000002622604370117 0.46000000834465026855
25.530000686645507813 25.5 25.06999969482421875 23.8600006103515625 22.149999618530273438 21.440000534057617188 20.700000762939453125 19.229999542236328125 18.299999237060546875 17.120000839233398438 16.049999237060546875 13.779999732971191406 13.060000419616699219 12.470000267028808594 12.640000343322753906 11.640000343322753906 10.649999618530273438 10.31999969482421875 9.3999996185302734375 9.3500003814697265625 12.779999732971191406 14.090000152587890625 15.229999542236328125 17.8600006103515625 14.18000030517578125 13.859999656677246094 13.529999732971191406 13.640000343322753906 13.220000267028808594 13.920000076293945313 13.210000038146972656 11.600000381469726563 9.7600002288818359375 5.2600002288818359375 4.2100000381469726563 1.25 1.1699999570846557617 0.87000000476837158203 -0.25 -3.5199999809265136719 3.0499999523162841797 -3.8099999427795410156
