includes/LCred.asc
ncols        319
nrows        303
xllcorner    907337.500000000000
yllcorner    6231537.500000000000
cellsize     25.000000000000
NODATA_value  -99999
[rows 133 to 151 of 303, columns 210 to 251 of 319]
19.170000076293945313 18.1100006103515625 18.920000076293945313 20.379999160766601563 19.559999465942382813 19.799999237060546875 18.06999969482421875 16.440000534057617188 16.54000091552734375 15.770000457763671875 14.350000381469726563 13.600000381469726563 13.399999618530273438 13.010000228881835938 12.81999969482421875 12.770000457763671875 12.340000152587890625 12.18000030517578125 11.520000457763671875 11.100000381469726563 10.350000381469726563 10.140000343322753906 9.4600000381469726563 9.3500003814697265625 8.7200002670288085938 8.1000003814697265625 8.020000457763671875 7.9200000762939453125 7.340000152587890625 6.6900000572204589844 5.9800000190734863281 5.8800001144409179688 5.4400000572204589844 4.7800002098083496094 5.3200001716613769531 6.2300000190734863281 6.7800002098083496094 7.1700000762939453125 7.5300002098083496094 7.2800002098083496094 7.1700000762939453125 7.4800000190734863281
18.200000762939453125 18.260000228881835938 17.70999908447265625 18.469999313354492188 18.370000839233398438 19.170000076293945313 16.120000839233398438 15.260000228881835938 15.270000457763671875 15.31999969482421875 14.390000343322753906 13.060000419616699219 12.600000381469726563 12.689999580383300781 12.520000457763671875 12.390000343322753906 11.779999732971191406 11.300000190734863281 10.800000190734863281 10.189999580383300781 10.060000419616699219 9.9700002670288085938 9.43000030517578125 9.6400003433227539063 8.5600004196166992188 8.3500003814697265625 7.4000000953674316406 7.0700001716613769531 6.7300000190734863281 6.8200001716613769531 5.9800000190734863281 5.5100002288818359375 4.590000152587890625 4.2600002288818359375 4.7800002098083496094 5.5300002098083496094 6.25 6.5300002098083496094 6.7600002288818359375 6.8200001716613769531 6.25 6.2100000381469726563
17.81999969482421875 17.299999237060546875 16.729999542236328125 16.629999160766601563 16.3600006103515625 16.770000457763671875 16.670000076293945313 15.529999732971191406 15.060000419616699219 13.93000030517578125 13.359999656677246094 12.529999732971191406 11.850000381469726563 11.970000267028808594 11.779999732971191406 11.859999656677246094 11 10.470000267028808594 10.140000343322753906 9.8500003814697265625 9.5 9.270000457763671875 8.9399995803833007813 8.5600004196166992188 8.6000003814697265625 7.7800002098083496094 7.1100001335144042969 6.9400000572204589844 6.7300000190734863281 5.9000000953674316406 5.590000152587890625 5.2300000190734863281 4.8800001144409179688 3.9800000190734863281 4.0100002288818359375 4.75 5.5100002288818359375 6.2300000190734863281 6.1700000762939453125 5.6300001144409179688 5.7100000381469726563 5.7600002288818359375
18.420000076293945313 17.020000457763671875 16.600000381469726563 15.979999542236328125 15.779999732971191406 15.979999542236328125 14.920000076293945313 14.880000114440917969 13.810000419616699219 13.600000381469726563 10.649999618530273438 10.170000076293945313 11.06999969482421875 11.550000190734863281 11.140000343322753906 10.850000381469726563 10.279999732971191406 9.8500003814697265625 9.6400003433227539063 9.5500001907348632813 9.1099996566772460938 8.8900003433227539063 8.4399995803833007813 8.2600002288818359375 8.020000457763671875 7.340000152587890625 7.0700001716613769531 6.3600001335144042969 6.1300001144409179688 5.6300001144409179688 5.4000000953674316406 4.4600000381469726563 4.3600001335144042969 3.8900001049041748047 3.2899999618530273438 3.6500000953674316406 4.6300001144409179688 5.1700000762939453125 5.3200001716613769531 4.7600002288818359375 5.2100000381469726563 5.4800000190734863281
21.379999160766601563 17.04000091552734375 16.879999160766601563 16 15.189999580383300781 14.560000419616699219 14.600000381469726563 14.270000457763671875 13.850000381469726563 12.43000030517578125 11.779999732971191406 11.229999542236328125 9.93000030517578125 11.050000190734863281 10.560000419616699219 10.100000381469726563 10.420000076293945313 9.7100000381469726563 9.2200002670288085938 8.8999996185302734375 8.8100004196166992188 8.479999542236328125 8.1400003433227539063 8.1499996185302734375 7.9600000381469726563 7.1100001335144042969 6.75 6.5500001907348632813 5.8200001716613769531 5.4800000190734863281 4.9000000953674316406 4.4600000381469726563 3.8199999332427978516 3.5199999809265136719 3.1300001144409179688 3.1300001144409179688 3.7599999904632568359 4.0100002288818359375 4.4200000762939453125 4.5300002098083496094 4.7100000381469726563 5.2300000190734863281
22.899999618530273438 20.399999618530273438 16.93000030517578125 15.609999656677246094 15.189999580383300781 14.850000381469726563 14.060000419616699219 14.090000152587890625 13.460000038146972656 12.390000343322753906 11.5 10.850000381469726563 10.590000152587890625 10.359999656677246094 10.060000419616699219 9.9700002670288085938 9.2600002288818359375 8.8900003433227539063 8.6899995803833007813 8.1000003814697265625 8.1099996566772460938 7.7100000381469726563 7.5 7.8200001716613769531 7.6900000572204589844 6.7100000381469726563 6.6100001335144042969 5.6300001144409179688 5.4200000762939453125 5 4.7600002288818359375 4.3600001335144042969 4.3000001907348632813 3.2100000381469726563 2.8499999046325683594 2.7000000476837158203 3.0799999237060546875 3.2599999904632568359 3.5599999427795410156 4.1100001335144042969 3.9900000095367431641 4.0700001716613769531
23.309999465942382813 21.1399993896484375 17.440000534057617188 15.840000152587890625 14.18000030517578125 14.020000457763671875 13.81999969482421875 13.270000457763671875 12.520000457763671875 11.460000038146972656 11.060000419616699219 10.850000381469726563 10.359999656677246094 9.8100004196166992188 9.6499996185302734375 9.4700002670288085938 9.7100000381469726563 8.5299997329711914063 8.18000030517578125 7.9800000190734863281 7.3600001335144042969 7.4000000953674316406 7.1300001144409179688 6.6700000762939453125 6.4400000572204589844 6.1300001144409179688 6.4200000762939453125 5.7100000381469726563 5.0700001716613769531 4.590000152587890625 4.3600001335144042969 3.6099998950958251953 3.3499999046325683594 3.1500000953674316406 2.4200000762939453125 2.1600000858306884766 2.3900001049041748047 2.8800001144409179688 2.5899999141693115234 3.7400000095367431641 3.7200000286102294922 4.5300002098083496094
22.590000152587890625 19.920000076293945313 18.120000839233398438 15.859999656677246094 14.420000076293945313 13.710000038146972656 13.229999542236328125 12.140000343322753906 11.93000030517578125 11.640000343322753906 11.06999969482421875 10.560000419616699219 9.9399995803833007813 9.590000152587890625 9.1000003814697265625 8.8900003433227539063 8.4700002670288085938 8.3900003433227539063 7.9800000190734863281 7.1100001335144042969 7.0100002288818359375 6.7300000190734863281 6.6100001335144042969 6.2100000381469726563 6.1500000953674316406 5.6100001335144042969 5.4800000190734863281 5.0300002098083496094 4.6500000953674316406 4.5100002288818359375 3.9500000476837158203 3.5999999046325683594 2.8299999237060546875 2.4700000286102294922 2.3800001144409179688 2.0999999046325683594 1.9600000381469726563 2.0599999427795410156 2.4200000762939453125 2.4200000762939453125 3.1900000572204589844 3.5799999237060546875
21.729999542236328125 20.530000686645507813 17.799999237060546875 14.960000038146972656 13.93000030517578125 13.470000267028808594 13.520000457763671875 11.710000038146972656 10.880000114440917969 11.130000114440917969 10.56999969482421875 10.720000267028808594 9.9399995803833007813 9.3599996566772460938 8.5299997329711914063 8.6000003814697265625 8.020000457763671875 7.8800001144409179688 7.4600000381469726563 7 6.4800000190734863281 6.4200000762939453125 6.1300001144409179688 5.8600001335144042969 5.7300000190734863281 5.5700001716613769531 5.0500001907348632813 4.8000001907348632813 4.2600002288818359375 4.1100001335144042969 3.2799999713897705078 2.8599998950958251953 3.0199999809265136719 2.2200000286102294922 2.1500000953674316406 1.9099999666213989258 1.7999999523162841797 1.9500000476837158203 2.3299999237060546875 2.25 2.9200000762939453125 2.8599998950958251953
16.700000762939453125 19.229999542236328125 17.6399993896484375 15.520000457763671875 13.460000038146972656 13.380000114440917969 12.390000343322753906 11.770000457763671875 11.140000343322753906 10.5 10.140000343322753906 10.18000030517578125 9.4700002670288085938 8.8000001907348632813 8.090000152587890625 7.7100000381469726563 7.4400000572204589844 6.8600001335144042969 6.2800002098083496094 5.9000000953674316406 5.8800001144409179688 5.590000152587890625 5.9400000572204589844 5.5500001907348632813 5.3600001335144042969 4.9000000953674316406 4.4800000190734863281 3.9400000572204589844 4.090000152587890625 3.8900001049041748047 3.0999999046325683594 2.9300000667572021484 2.4300000667572021484 2.4400000572204589844 1.879999995231628418 1.620000004768371582 1.870000004768371582 1.9600000381469726563 2.4300000667572021484 2.6500000953674316406 2.4800000190734863281 2.4600000381469726563
17.719999313354492188 17.190000534057617188 15.560000419616699219 14.670000076293945313 13.06999969482421875 12.210000038146972656 11.800000190734863281 11.939999580383300781 10.470000267028808594 10.350000381469726563 10.029999732971191406 9.4700002670288085938 9.5600004196166992188 8.270000457763671875 8.8900003433227539063 7.3800001144409179688 6.9000000953674316406 6.2600002288818359375 6.4200000762939453125 5.6900000572204589844 5.5700001716613769531 5.4800000190734863281 5.0700001716613769531 5.590000152587890625 4.6700000762939453125 4.2600002288818359375 3.8599998950958251953 4.3600001335144042969 4.6300001144409179688 3.1600000858306884766 2.9400000572204589844 2.6900000572204589844 1.5499999523162841797 1.1699999570846557617 0.37999999523162841797 0.090000003576278686523 -0.43000000715255737305 -0.49000000953674316406 -0.49000000953674316406 -0.93999999761581420898 -1.1399999856948852539 1.6399999856948852539
16.059999465942382813 15.399999618530273438 15 13.560000419616699219 12.899999618530273438 11.760000228881835938 10.630000114440917969 11.75 10.229999542236328125 10.340000152587890625 9.1400003433227539063 8.8900003433227539063 8.3100004196166992188 8.2799997329711914063 7.9800000190734863281 7.3200001716613769531 6.6500000953674316406 5.7600002288818359375 5.3200001716613769531 5.340000152587890625 4.7600002288818359375 4.4800000190734863281 4.75 4.1300001144409179688 3.9200000762939453125 3.8099999427795410156 4.5100002288818359375 4.4800000190734863281 3.0999999046325683594 2.9100000858306884766 1.4600000381469726563 0.66000002622604370117 -0.23000000417232513428 -0.23000000417232513428 -0.67000001668930053711 -0.57999998331069946289 -0.66000002622604370117 -0.81000000238418579102 -0.93000000715255737305 -1.120000004768371582 -1.3300000429153442383 -1.4900000095367431641
15.439999580383300781 14.010000228881835938 13.380000114440917969 12.720000267028808594 11.359999656677246094 10.310000419616699219 9.8100004196166992188 9.75 9.6000003814697265625 9.1700000762939453125 8.8100004196166992188 8.6700000762939453125 8.3500003814697265625 8.0500001907348632813 7.3200001716613769531 6.2600002288818359375 6.3200001716613769531 5.7300000190734863281 5.2300000190734863281 4.6900000572204589844 4.1900000572204589844 4.1900000572204589844 3.8800001144409179688 3.5 3.0599999427795410156 3.6400001049041748047 3.1300001144409179688 3.2000000476837158203 1.4099999666213989258 0.62000000476837158203 -0.14000000059604644775 -0.55000001192092895508 -0.30000001192092895508 -0.68000000715255737305 -0.87999999523162841797 -0.97000002861022949219 -1.1399999856948852539 -1.1399999856948852539 -1.5 -1.4600000381469726563 -1.8999999761581420898 -1.9500000476837158203
13.760000228881835938 13.060000419616699219 11.43000030517578125 11.140000343322753906 10.649999618530273438 9.4399995803833007813 9.31999969482421875 9.6400003433227539063 9.1000003814697265625 8.4700002670288085938 8.68000030517578125 8.2200002670288085938 7.9800000190734863281 6.8200001716613769531 6.0500001907348632813 5.9800000190734863281 5.5100002288818359375 5.2600002288818359375 4.8200001716613769531 4.25 3.6800000667572021484 3.4000000953674316406 3.7100000381469726563 3.4700000286102294922 2.7899999618530273438 2.6500000953674316406 3.0499999523162841797 0.56999999284744262695 -0.11999999731779098511 -0.23000000417232513428 -0.91000002622604370117 -1 -1.3400000333786010742 -1.120000004768371582 -1.120000004768371582 -1.7400000095367431641 -1.620000004768371582 -1.5299999713897705078 -2.4800000190734863281 -1.9800000190734863281 -2.1099998950958251953 -2.7599999904632568359
14.720000267028808594 12.779999732971191406 10.810000419616699219 9.7799997329711914063 8.7100000381469726563 8.4600000381469726563 8.8900003433227539063 8.5500001907348632813 8.4700002670288085938 8.3500003814697265625 8.1700000762939453125 8.1099996566772460938 7.1100001335144042969 6.4600000381469726563 6.1900000572204589844 5.2300000190734863281 5.6900000572204589844 4.75 4.3200001716613769531 3.9100000858306884766 3.2999999523162841797 2.4200000762939453125 2.5999999046325683594 2.3800001144409179688 2.4000000953674316406 0.75 -0.0099999997764825820923 -0.43999999761581420898 -0.75999999046325683594 -0.81000000238418579102 -1.0399999618530273438 -1.2000000476837158203 -1.5099999904632568359 -1.620000004768371582 -1.5800000429153442383 -1.870000004768371582 -2.0099999904632568359 -2.0999999046325683594 -2.2899999618530273438 -2.3299999237060546875 -2.4500000476837158203 -2.6900000572204589844
12.380000114440917969 9.81999969482421875 9.93000030517578125 8.1400003433227539063 7.3600001335144042969 7.9600000381469726563 8.479999542236328125 7.8600001335144042969 7.7800002098083496094 7.9600000381469726563 8.3000001907348632813 7.1900000572204589844 6.3000001907348632813 5.9400000572204589844 5.3200001716613769531 5.590000152587890625 4.2300000190734863281 4.2600002288818359375 4.0300002098083496094 3.6600000858306884766 3.1900000572204589844 2.6900000572204589844 2.5799999237060546875 2.3299999237060546875 0.75 -0.20000000298023223877 -0.56999999284744262695 -0.91000002622604370117 -1.0299999713897705078 -1.6000000238418579102 -1.3300000429153442383 -1.4800000190734863281 -1.7699999809265136719 -1.9600000381469726563 -1.9400000572204589844 -2.2799999713897705078 -2.3199999332427978516 -2.3199999332427978516 -2.6500000953674316406 -2.75 -2.7300000190734863281 -3.0399999618530273438
12.18000030517578125 10.779999732971191406 9.1099996566772460938 7.340000152587890625 6.1700000762939453125 5.340000152587890625 7.6500000953674316406 7.1500000953674316406 7.3600001335144042969 7.4800000190734863281 7.1900000572204589844 7.5500001907348632813 6.2800002098083496094 5.3000001907348632813 5.1100001335144042969 5.0300002098083496094 3.6400001049041748047 3.8900001049041748047 3.5199999809265136719 2.9500000476837158203 2.6099998950958251953 2.4500000476837158203 2.4100000858306884766 1.4800000190734863281 -0.20000000298023223877 -0.67000001668930053711 -0.93000000715255737305 -1.2799999713897705078 -1.4600000381469726563 -1.5199999809265136719 -1.7899999618530273438 -2.0099999904632568359 -2.0899999141693115234 -2.2999999523162841797 -2.4200000762939453125 -2.5199999809265136719 -2.7300000190734863281 -2.8800001144409179688 -3.0099999904632568359 -3.1099998950958251953 -3.1400001049041748047 -3.2899999618530273438
10.529999732971191406 9.6300001144409179688 8.7799997329711914063 6.5500001907348632813 5.0300002098083496094 5.1100001335144042969 5.0100002288818359375 6.8200001716613769531 6.6500000953674316406 6.2300000190734863281 6.5500001907348632813 5.8200001716613769531 5.3600001335144042969 5.8600001335144042969 4.9400000572204589844 3.7899999618530273438 3.3099999427795410156 3.7300000190734863281 3.25 2.8499999046325683594 2.5899999141693115234 2.4600000381469726563 2.5599999427795410156 0.81000000238418579102 -0.40000000596046447754 -0.67000001668930053711 -1.4400000572204589844 -1.7100000381469726563 -1.8300000429153442383 -1.8999999761581420898 -2.1099998950958251953 -2.2899999618530273438 -2.5599999427795410156 -2.7699999809265136719 -2.7999999523162841797 -2.7899999618530273438 -3.0799999237060546875 -3.2000000476837158203 -3.4900000095367431641 -3.5299999713897705078 -3.6300001144409179688 -3.7699999809265136719
10.090000152587890625 9.1400003433227539063 6.6700000762939453125 5.2800002098083496094 5.090000152587890625 5 4.8600001335144042969 4.75 5.2800002098083496094 5.8000001907348632813 5.1100001335144042969 5 5.1100001335144042969 5.0700001716613769531 3.7899999618530273438 3.4000000953674316406 3.2000000476837158203 2.5799999237060546875 2.5799999237060546875 2.6700000762939453125 2.4400000572204589844 2.6500000953674316406 2.7599999904632568359 0.81000000238418579102 -0.20000000298023223877 -0.82999998331069946289 -2.2999999523162841797 -1.8999999761581420898 -2.2100000381469726563 -2.5799999237060546875 -2.3900001049041748047 -2.6400001049041748047 -2.9200000762939453125 -3.0399999618530273438 -3.1400001049041748047 -3.3299999237060546875 -3.4400000572204589844 -3.7100000381469726563 -3.6400001049041748047 -3.7599999904632568359 -4.090000152587890625 -4.2800002098083496094
