includes/LCred4_5m.asc
ncols         430
nrows         300
xllcorner     910637.5
yllcorner     6233612.5
cellsize      5.0
[rows 171 to 189 of 300, columns 88 to 131 of 430]
84.49609990751118 83.50351272786683 80.74687392138351 80.01759813328714 79.67659350667267 79.34837892823316 78.48210097906885 75.82382088987903 75.17912761909075 74.90893471095264 74.58806470407502 73.77857662974313 71.61887521781382 70.97832348857634 70.73223595351598 70.48479949334546 69.76785681470425 67.72239184978024 67.22247052079031 67.05043292071164 66.72797800362406 65.97437083797101 63.94383714400912 63.2957467973111 62.994062760964276 62.78687712732528 62.23766613987229 60.102167919519665 59.591801219589776 59.410128948203706 59.099454189530135 58.389993949337025 56.34601666819491 55.748215809481714 55.48257354060254 55.25091883741215 54.62460822800164 52.61365033960285 52.14135545273635 51.92812318429062 51.69576821919298 51.10606936810219 49.17868121895014 48.66583411520746
84.69722955063632 84.03836491774919 80.60376255596815 80.0610750484483 79.69000244140625 79.46362259916953 79.00747719681037 75.67856648498902 75.26410459661369 75.12000274658203 74.73600238098814 74.27267810806741 71.44207235344884 71.03905413498708 70.80999755859375 70.58408923393795 70.23214548191122 67.5323659162507 67.29203535100406 67.55999755859375 66.8402787525681 66.32255133575839 63.73154158830166 63.24981052052103 62.70000076293945 62.79940675907579 62.53073303456551 59.909114278968836 59.66445262467647 59.86000061035156 59.22475627955274 58.73988020757911 56.173443959871655 55.74960490116107 55.400001525878906 55.30140395891395 54.97574965976382 52.487721149777926 52.16573376335554 52.0 51.77095913002375 51.43646556725521 49.0301311590141 48.73402813968491
84.66039302330961 83.91038490647736 81.1347971034044 80.17939601161692 79.82467002657543 79.5185970072479 78.82764892629909 76.20662735899373 75.37274461048221 75.08531373805675 74.78498378311359 74.14476511734182 71.80097874197745 71.13830251094252 70.86438991033666 70.61547263742625 70.09744417203859 67.85706873072303 67.27282811829949 67.08568415685914 66.76339370019221 66.18424385547657 64.07072493991558 63.3397437725168 63.04004570030843 62.84433006717993 62.29683587505011 60.26556720390493 59.672946750634914 59.48452735017442 59.18299373254487 58.54134520504724 56.50479321045908 55.829031843017475 55.55363483237704 55.328680460343556 54.798756300155596 52.85837065876259 52.22620505502055 52.00754187297983 51.790771698479055 51.29968960804929 49.39719820457043 48.789316544212845
84.48328498314869 83.98293525387012 81.19609493749508 80.73417697217512 79.93941002148817 79.35425502470929 78.95013376695024 76.29724418485608 75.92747170178046 75.19740620958493 74.67789624009006 74.27051299608738 71.8807875514388 71.50293050875989 70.94619019520344 70.49738603213274 70.1546928761465 67.84242075019026 67.5314797582787 66.97879119423014 66.56377832172292 66.18978798491015 64.08482424830605 63.728088965130446 63.153244219012265 62.64950430790508 62.361694031085776 60.2803104932379 59.998587197629746 59.43907806224054 58.94880509167611 58.581582896464745 56.53606669399889 56.18050091981028 55.62998337090522 55.17031760593794 54.861883388082326 52.89407432829263 52.61051458362127 52.063019341538656 51.65948334410809 51.37429394259945 49.44637921266761 49.160422111404166
84.8233822977422 84.33760033261913 81.56032397821743 81.09710529958933 80.4290046739338 79.73714822036165 79.35112381766922 76.7193260602421 76.37060869843378 75.7717427146316 75.1739406850418 74.75025588576456 72.33657021250156 71.93570628175817 71.40886674755455 70.82139954985055 70.46308772636986 68.11624240319645 67.75817324087838 67.25702439893037 66.72951984449446 66.39763537912818 64.3223547485961 63.98411881048609 63.57058897107268 63.02497412455939 62.74224299484259 60.657714367865864 60.357384741079684 59.873678155040146 59.323280579247694 58.972517737817704 56.92792674251391 56.55957254767407 56.03679928614492 55.42706804124479 55.122772774478534 53.15731153908578 52.87094203302993 52.45073918169483 51.96530516493026 51.6933477565778 49.77833696412872 49.50170786579935
85.22782253688621 84.34967717596223 81.60531319713523 80.78588251298038 80.44789081221315 80.14981296365292 79.37855097204334 76.81540238673371 76.18094869010773 75.97965406274623 75.59921928874553 74.81342945148369 72.3999257113542 71.73473025881046 71.43711942116968 71.15631742235695 70.46213720644744 68.12657550329484 67.48317016470385 67.17798990926076 66.96746679553839 66.38650411230633 64.35952752762496 63.84118396572119 63.58610615937 63.378614270213845 62.77032527288913 60.721910146650366 60.16221764476737 59.9324962388013 59.66873038686242 59.00173950233397 56.973529603566114 56.317619194460455 56.02807394759644 55.80682648753558 55.13804551935886 53.20849686675731 52.70605632194406 52.4987348075012 52.28529226810636 51.72563537315744 49.853486865465214 49.37436943055303
85.30590297140786 84.71944336382901 81.28251297649255 80.75407287765648 80.37000274658203 80.18660303146144 79.77603624887716 76.5286401180451 76.25848062805139 76.62999725341797 75.73751606242202 75.13896182289625 72.18791784815713 71.71970789360265 71.41000366210938 71.1975855750411 70.78370596846473 67.90238764884893 67.42485947537878 66.83000183105469 66.96570585283347 66.67643116103213 64.21943373882748 63.82942851376843 63.43000030517578 63.418507125488254 63.12688879082169 60.521879897019346 60.18551663477925 60.02000045776367 59.74146778155629 59.337614220232 56.748492967827715 56.29235044764745 55.810001373291016 55.83190508632601 55.52637896794796 53.029000881032076 52.71215499679083 52.540000915527344 52.33504356313381 52.02704219243137 49.668676214723384 49.43153046735952
85.24106979532435 84.36452707283243 81.66357883386878 80.80004963685195 80.46112852891217 80.1667868210862 79.42269153051335 76.86405211559277 76.20987390999295 76.00740063001626 75.63045595108909 74.85044668837006 72.48056767237084 71.76583871803243 71.46455125228364 71.1876735901127 70.54153255735704 68.25916175195032 67.52885944060351 67.22264793836226 67.02190658165908 66.47505282088096 64.54040288144293 63.9208689632292 63.66111001421447 63.46531613311704 62.915887772567444 60.892139850375834 60.25545460026561 60.015352760443875 59.75907800779672 59.186509979506155 57.093377658949194 56.389463399583946 56.08867855921842 55.870167859480766 55.30068466319658 53.31757423667354 52.75267752768856 52.53921342348382 52.33042753755878 51.842190818907824 49.98969047998514 49.42820495995799
84.85958594755631 84.3691234047587 81.63647122555676 81.172083604442 80.46169721799116 79.79800144695076 79.42182910786445 76.80258753918757 76.46600132805847 75.84844756526678 75.25770082269375 74.82903572421125 72.4594857982392 72.05571900449429 71.47992293132131 70.94016566247963 70.58552303166933 68.30217284641539 67.9584316362788 67.37520024839218 66.88574069981405 66.56659951593953 64.60177601385158 64.28273362859291 63.77191885590209 63.288276088526544 63.00805930618011 60.952901716390365 60.65819073687418 60.09644275554001 59.63862734848891 59.27330719802344 57.150542676091064 56.7728565500461 56.198290601822286 55.683143132071464 55.361874795082805 53.33094755189945 53.03907048030451 52.55625741754682 52.140911688038976 51.869864841442876 49.980584066395515 49.71618188568658
85.23226498058669 84.76585446848908 82.02740030553049 81.52783048806457 81.08815726652163 80.4284119032995 80.10652274607945 77.48662747013695 77.09521023740598 76.64486567267448 75.89693778780138 75.52850662182124 73.17367092241481 72.72810574817491 72.24050546003835 71.44877973617001 71.14548990067493 68.89757346382784 68.56511834992165 68.19151944770485 67.50012437875436 67.18168854631135 65.2119244916862 64.87203380211089 64.4947635127617 63.90262018789382 63.645476202054745 61.59883011214629 61.30315376034221 60.8919049339275 60.224133465488464 59.8529978615527 57.712751146410525 57.31000791260658 56.81218375108518 56.144481688017464 55.823163155936086 53.769971807353734 53.44304340107308 52.9768357266227 52.38874609335073 52.12820898492794 50.235003244862334 49.953578455827014
85.52940635257137 84.77211788240486 82.0392062808644 81.33920320174158 80.87417903981249 80.72890553212876 80.08774782684293 77.52032009939892 76.9044722136312 76.52801714299474 76.33293530543182 75.53540667461161 73.21408799586581 72.51219884091115 72.09747685092914 71.95168599963966 71.1831475715558 69.01260033721375 68.55325251119328 68.30488846677035 68.06408923652272 67.28072930871765 65.32222877294569 64.7931544393852 64.50480000583514 64.3404182540478 63.725963774260144 61.733972758438895 61.28079816087953 61.08009296652118 60.775490091748054 59.95549778403455 57.80983799885421 57.143133751359095 56.810029759871135 56.58781300601135 55.860855616431174 53.81900445438423 53.208599841533726 52.92357521975996 52.75281564753184 52.126383516899985 50.26794997126866 49.75611198295035
85.59735735986473 85.08041755233948 81.98183666031113 81.21796124302362 79.7300033569336 80.67740186587608 80.52840311429676 77.44063757620432 76.8577288736948 75.79000091552734 76.34630613593333 76.07914600726333 73.1132440394025 72.43901263478907 71.12999725341797 71.93894091658731 71.79424007959891 68.987376852152 68.61392857708013 68.26000213623047 68.17636776730069 67.82681585370173 65.27802218354564 64.8013963305108 64.08000183105469 64.3938069623288 64.19300738420004 61.66216508752572 61.38173417849501 61.40999984741211 60.92704691219498 60.45165616101181 57.675285787880746 57.135026446630626 56.43000030517578 56.63107346466522 56.327879689836884 53.63531491072766 53.1744940885567 52.52000045776367 52.757195134271626 52.52686988420855 50.07295904962129 49.75785218706214
85.61101140973216 84.80297551436048 82.45305998100447 81.51671725060157 81.04513212111539 80.92936905549581 80.38610672977566 77.99932476428229 77.13851691162056 76.73912555302067 76.56846587673118 76.00693358062252 73.6904287062964 72.74355943791763 72.30349968037348 72.18015723059118 71.67402921391394 69.47462457098997 68.77621367084676 68.5043196699332 68.28597724445831 67.74815425177789 65.74624345816626 65.00801681914794 64.69585064194541 64.55090539444556 64.17199715028075 62.135856027051574 61.47643248878859 61.25325283865428 60.96683174980337 60.3789842067449 58.108232089777964 57.316099609428456 56.961312017559806 56.75012966448449 56.21284253133921 53.97456080683153 53.32073915450445 53.01458923332608 52.84349148526968 52.38995627375893 50.39699766626986 49.803552738371344
85.34936460350595 84.93917217463043 82.65303447583156 82.2129326325584 81.54905826474615 80.99801925058597 80.68766033200495 78.27331899906201 77.9027271118282 77.20952325659194 76.6969769033511 76.31231720081038 73.95957496466181 73.52144970863357 72.78904956031506 72.25666462855621 71.93699611566092 69.6561459965353 69.33462342070546 68.72294609608798 68.27503015882216 67.94234180578879 65.92387954674624 65.59245567875112 65.0051486553146 64.64506075533406 64.36591437978964 62.264590356585764 61.970345894848236 61.352161697627565 60.91292875409214 60.527081135187665 58.24775326904579 57.84661198632939 57.218774797986676 56.73467858572455 56.37881294125402 54.09297816237623 53.73938200559816 53.21968160026875 52.79310110228744 52.492830730159 50.43437227732884 50.13385414327675
86.26007226387732 85.92024371402593 83.72016836893364 83.34711141029915 82.99303638092783 82.22451880163524 81.90100542123655 79.5093858553434 79.18116111395008 78.76929139396506 77.94995536291492 77.51801952093749 75.14072842969908 74.71256976957937 74.2754088616894 73.45217991388984 73.0915789864863 70.76886181924074 70.41594032912276 69.97302869952527 69.25382697453745 68.9287460890605 66.91055978502956 66.5861978496175 66.10378884875972 65.40566559654606 65.0884005831016 62.95768103624571 62.64351016007144 62.171500806066 61.517894395064964 61.13872836835335 58.872351651889474 58.495707364409704 57.98337404706998 57.35586759229902 56.97393133233432 54.66774533200537 54.30773942906028 53.8739340268324 53.26135744013085 52.93316652353385 50.840011919786704 50.50862812933003
86.89913969917724 86.09251169502052 83.98740497566828 83.56629206048744 83.34725088561268 83.05770974905514 82.20058204293986 79.88024415065408 79.46602870059812 79.32066768100218 78.88915165510662 77.84893914634509 75.4617563254077 74.88840674149174 74.6097906417063 74.27856918840932 73.32953613075524 71.0046952081543 70.43512669857118 70.17446319641597 69.91138117815484 69.10601497096694 67.11682092284752 66.56627793382924 66.3671252420967 66.06745761369093 65.23972948477466 63.12411387850215 62.592606891743685 62.39428041382429 62.06457920629651 61.26262875754732 59.02827742090756 58.44177187710184 58.21086959297133 57.8740180193421 57.10489522990383 54.812406821937294 54.2645574547543 54.01046581574738 53.73797808258104 53.01689967821465 50.923678071669016 50.383291077347785
87.02613800518718 86.75580252243067 84.09472745867102 83.75629097369973 83.66000366210938 83.31112463856725 82.92393831641454 79.97171398739849 79.76918549766268 80.37000274658203 79.24955939317947 78.58779679409966 75.53648040195829 75.06804168073106 74.87999725341797 74.51151801966004 74.04387521833898 70.98543772512073 70.55166679584426 70.22000122070312 70.07375365412314 69.71212862458025 67.00885885494743 66.70017279212381 66.7699966430664 66.24274116516965 65.79601449334231 62.99671493633232 62.69949377801022 62.880001068115234 62.22265947494626 61.72560607832284 58.8839748221943 58.54006897563976 58.630001068115234 58.03404954841519 57.53322720111222 54.728443747477016 54.323949297119675 54.11000061035156 53.84705894079011 53.44798767318847 50.82568197329008 50.380684971658646
87.23460025465732 86.74845311337242 84.82169055784205 83.95907550068492 83.70741987256855 83.46502233711053 82.96174869662015 80.71799332645601 79.88361249099273 79.69304095013456 79.30095683935541 78.71576955207883 76.18700207733951 75.26819328462254 74.94376533443905 74.64267086245307 74.13371705716689 71.59216986060704 70.74654815783046 70.44520160658972 70.2041458957429 69.78738094956779 67.47670086803548 66.79516439731279 66.56139936254488 66.2698449324508 65.73296818486979 63.46468012066638 62.734290544875584 62.5153335522682 62.19899828549946 61.63975446395831 59.332988249148414 58.58931748880922 58.34814007355159 58.02981881867613 57.36806126283547 55.12595494589423 54.422081881250016 54.14964759465663 53.89096216218029 53.35329740789548 51.220648792850604 50.52621979970697
87.36012891687143 87.0401251929538 85.0591338170077 84.7442494085913 83.95805448288073 83.54853787143394 83.21180040059834 80.90467356257862 80.59583430162787 79.76351646881234 79.39370978052449 78.92451132941962 76.38230567852351 75.95519161339578 75.16707155447014 74.77373693218608 74.36356752427236 71.7859815910459 71.42019497679752 70.69402044455197 70.35197294836026 69.98203929393013 67.59528931824762 67.25035656806936 66.62479023815642 66.20318306990507 65.82450913280721 63.49846957029258 63.156773087873255 62.48433524205994 62.06771678711352 61.69360213675634 59.36259061625916 59.01858713277921 58.353718804302865 57.83720256535933 57.44816436799951 55.1942012132977 54.835759421742424 54.24473156951473 53.8122270385369 53.46842565340211 51.328586252138 51.00055673317366
