includes/LCred.asc
ncols        319
nrows        303
xllcorner    907337.500000000000
yllcorner    6231537.500000000000
cellsize     25.000000000000
NODATA_value  -99999
[rows 76 to 94 of 303, columns 126 to 167 of 319]
93.23999786376953125 85.8300018310546875 87.37000274658203125 96.1699981689453125 98.279998779296875 110.470001220703125 121.04000091552734375 119.76999664306640625 119.8000030517578125 119.470001220703125 120.1100006103515625 120.8300018310546875 119.54000091552734375 118.05999755859375 122.81999969482421875 122.94000244140625 121.779998779296875 119 111.90000152587890625 110.05999755859375 110.06999969482421875 102.23000335693359375 95.26999664306640625 95.34999847412109375 95.4499969482421875 95.51999664306640625 94.87999725341796875 95.029998779296875 95.1399993896484375 106.44000244140625 102.26999664306640625 101.87000274658203125 98.6999969482421875 96.6999969482421875 96.6699981689453125 96.160003662109375 95.8600006103515625 96.12999725341796875 95.69000244140625 95.40000152587890625 95.4499969482421875 93.3899993896484375
96.23000335693359375 85.18000030517578125 85.8000030517578125 90.43000030517578125 94.54000091552734375 107.30999755859375 119.75 119.48999786376953125 119.6999969482421875 119.70999908447265625 120.0500030517578125 118.56999969482421875 118.45999908447265625 123.05999755859375 121.76000213623046875 120.43000030517578125 119.6100006103515625 114.15000152587890625 110.04000091552734375 109.87000274658203125 109.73000335693359375 103.0800018310546875 95.3899993896484375 95.26000213623046875 95.160003662109375 95.01000213623046875 94.54000091552734375 94.87000274658203125 95.04000091552734375 105 102.98000335693359375 99.1100006103515625 97.660003662109375 96.87000274658203125 97.04000091552734375 96.660003662109375 96.51000213623046875 96.1399993896484375 95.589996337890625 95.3300018310546875 95.12000274658203125 94.410003662109375
97.0500030517578125 88.5500030517578125 85.48000335693359375 86.62999725341796875 91.910003662109375 103.79000091552734375 113.26999664306640625 119.68000030517578125 120.339996337890625 118.839996337890625 120.23000335693359375 121.62999725341796875 121.84999847412109375 120.37000274658203125 119.48000335693359375 118.40000152587890625 117.3899993896484375 111.029998779296875 109.25 109.5500030517578125 109.4199981689453125 94.9499969482421875 94.93000030517578125 94.30999755859375 94.45999908447265625 94.3000030517578125 94.56999969482421875 94.779998779296875 101.160003662109375 102.4199981689453125 99.79000091552734375 97.8300018310546875 96.51000213623046875 96.51999664306640625 96.48000335693359375 96.59999847412109375 96.26999664306640625 95.720001220703125 95.56999969482421875 95.0500030517578125 94.43000030517578125 94.51000213623046875
85.29000091552734375 96.76999664306640625 96.51999664306640625 99.089996337890625 100.40000152587890625 107.75 112.26999664306640625 114.410003662109375 118.26000213623046875 118.37000274658203125 118.62000274658203125 121.410003662109375 121.410003662109375 118.95999908447265625 118.3300018310546875 116.44000244140625 113.70999908447265625 110.8899993896484375 109.029998779296875 109.0500030517578125 107.23000335693359375 93.95999908447265625 93.94000244140625 94.19000244140625 94.55999755859375 94.56999969482421875 94.69000244140625 94.6399993896484375 96.45999908447265625 98.15000152587890625 96.98000335693359375 96.79000091552734375 95.81999969482421875 96.25 96.25 96.23000335693359375 95.8899993896484375 95.18000030517578125 95.56999969482421875 94.68000030517578125 94.80999755859375 88.160003662109375
84.779998779296875 96.48000335693359375 100.26000213623046875 106.3000030517578125 108.839996337890625 111.970001220703125 113.470001220703125 115.160003662109375 117.18000030517578125 112.1999969482421875 111.87999725341796875 121.20999908447265625 120.37000274658203125 117.37999725341796875 116.029998779296875 115.529998779296875 110.6399993896484375 108.589996337890625 108.56999969482421875 108.62000274658203125 96.720001220703125 94.01000213623046875 93.90000152587890625 93.84999847412109375 94.01999664306640625 94.25 94.43000030517578125 94.8899993896484375 97.9499969482421875 96.70999908447265625 95.90000152587890625 95.8300018310546875 95.8300018310546875 95.410003662109375 96.37999725341796875 95.3300018310546875 95.44000244140625 95.06999969482421875 94.95999908447265625 90.220001220703125 80.6100006103515625 73.69000244140625
86.6999969482421875 95.68000030517578125 96.55999755859375 109.1699981689453125 111.30999755859375 113.4199981689453125 113.1399993896484375 113.34999847412109375 113.94000244140625 111.95999908447265625 112.0800018310546875 119.12999725341796875 118.81999969482421875 116.09999847412109375 114.87000274658203125 114.51999664306640625 110.04000091552734375 108.589996337890625 108.1399993896484375 108.029998779296875 94.660003662109375 93.4199981689453125 93.1699981689453125 93.3600006103515625 93.8000030517578125 94.54000091552734375 94.23000335693359375 94.30999755859375 94.30999755859375 95.160003662109375 95.0800018310546875 95.339996337890625 94.9499969482421875 95.20999908447265625 95.3300018310546875 95.1999969482421875 95.1999969482421875 95.12999725341796875 88.75 73.98999786376953125 70.9199981689453125 81.1399993896484375
93.05999755859375 101.56999969482421875 106.62000274658203125 96.410003662109375 113.6100006103515625 113.25 113.55999755859375 113.37000274658203125 113.09999847412109375 111.5 111.43000030517578125 115.48000335693359375 114.79000091552734375 114.30999755859375 113.970001220703125 113.3300018310546875 109.51999664306640625 108.29000091552734375 107.6100006103515625 100.5800018310546875 91.62000274658203125 93.3000030517578125 92.029998779296875 93.48999786376953125 94.25 94.51999664306640625 94.19000244140625 93.910003662109375 94.73999786376953125 94.34999847412109375 94.5 95.089996337890625 95.160003662109375 94.339996337890625 94.93000030517578125 95.05999755859375 95.15000152587890625 94.43000030517578125 89.56999969482421875 75.089996337890625 85.30999755859375 86.23999786376953125
101.70999908447265625 104.660003662109375 107.1100006103515625 112.5 95.98999786376953125 113.5500030517578125 113.160003662109375 112.8899993896484375 111.51999664306640625 110.30999755859375 110.37999725341796875 114.18000030517578125 113.910003662109375 113.45999908447265625 111.6699981689453125 111.029998779296875 109.26000213623046875 107.84999847412109375 106.95999908447265625 91.23000335693359375 92 91.5 91.4199981689453125 91.160003662109375 93.37999725341796875 93.48999786376953125 93.09999847412109375 93.6699981689453125 93.3600006103515625 93.5800018310546875 92.94000244140625 95.23000335693359375 95.40000152587890625 94.25 93.839996337890625 93.55999755859375 94.910003662109375 90.98999786376953125 86.1100006103515625 87.8899993896484375 82.62999725341796875 71.970001220703125
102.75 104.40000152587890625 106.23000335693359375 107.73000335693359375 111.160003662109375 95.76000213623046875 110.279998779296875 112.5500030517578125 109.09999847412109375 107.1399993896484375 116.910003662109375 109.68000030517578125 108.8300018310546875 109.51999664306640625 109.25 109.25 107.31999969482421875 107.34999847412109375 106.09999847412109375 91.3300018310546875 91.18000030517578125 91.25 91.25 90.9499969482421875 90.80999755859375 89.8600006103515625 89.6699981689453125 89.8899993896484375 91.01000213623046875 91.65000152587890625 92.4499969482421875 92.69000244140625 91.839996337890625 93.76999664306640625 93.970001220703125 93.279998779296875 92.839996337890625 89.9199981689453125 88.25 79.01000213623046875 69.09999847412109375 65.3899993896484375
100.410003662109375 101.3899993896484375 102.5800018310546875 104.910003662109375 107 108.87000274658203125 97.76999664306640625 101.8000030517578125 106.73000335693359375 105.62999725341796875 105.839996337890625 105.94000244140625 106.1699981689453125 107.26999664306640625 107.589996337890625 107.160003662109375 104.6100006103515625 106.8000030517578125 105.54000091552734375 91.55999755859375 91.01999664306640625 91.1100006103515625 90.81999969482421875 90.720001220703125 90.37000274658203125 90.0500030517578125 89.4499969482421875 89.23000335693359375 89.160003662109375 89.19000244140625 91.69000244140625 92.51999664306640625 90.6699981689453125 89.589996337890625 92.8899993896484375 92.910003662109375 88.5500030517578125 84.48999786376953125 76.87000274658203125 71.9499969482421875 70.01000213623046875 64.8600006103515625
92.48999786376953125 95.73999786376953125 96.59999847412109375 98.94000244140625 101.70999908447265625 105.6999969482421875 106.23000335693359375 106.529998779296875 94.55999755859375 102.6100006103515625 102.9199981689453125 102.910003662109375 102.94000244140625 104.01000213623046875 104.37000274658203125 104.43000030517578125 104.3899993896484375 104.87999725341796875 105.26000213623046875 92.98999786376953125 90.76000213623046875 90.6699981689453125 90.6399993896484375 90.48999786376953125 90.65000152587890625 89.8899993896484375 89.4199981689453125 89.3600006103515625 89.279998779296875 89.51999664306640625 89.44000244140625 89.26999664306640625 89.1699981689453125 89.25 88.910003662109375 88.31999969482421875 79.6399993896484375 77.79000091552734375 75.76000213623046875 73 70.410003662109375 66.55999755859375
84.12000274658203125 85.98000335693359375 87.12000274658203125 89.970001220703125 94.15000152587890625 100.9199981689453125 103.160003662109375 102.81999969482421875 101.84999847412109375 94.48999786376953125 100.62000274658203125 100.6999969482421875 101.23999786376953125 101.59999847412109375 102.5500030517578125 102.62000274658203125 103.410003662109375 103.8600006103515625 105.20999908447265625 103.87999725341796875 103.1100006103515625 90.8300018310546875 90.5800018310546875 90.54000091552734375 90.37999725341796875 89.90000152587890625 89.70999908447265625 89.56999969482421875 89.26999664306640625 89.01000213623046875 86.8899993896484375 84.4199981689453125 88.9199981689453125 89.48999786376953125 81.6399993896484375 77.54000091552734375 77.1999969482421875 76.59999847412109375 75.40000152587890625 73.68000030517578125 71.26999664306640625 68.87000274658203125
77 76.660003662109375 77.70999908447265625 80.09999847412109375 86.65000152587890625 94.43000030517578125 98.81999969482421875 98.970001220703125 99.19000244140625 98.23999786376953125 97.69000244140625 94.0800018310546875 94.54000091552734375 99.48000335693359375 100.0800018310546875 100.0800018310546875 103.15000152587890625 104.19000244140625 104.12999725341796875 102.95999908447265625 102.34999847412109375 96.84999847412109375 90.68000030517578125 93.95999908447265625 91.5500030517578125 90.1100006103515625 89.76000213623046875 89.589996337890625 84.20999908447265625 84.720001220703125 89.279998779296875 89.9499969482421875 83.160003662109375 75.30999755859375 74.31999969482421875 74.220001220703125 76.160003662109375 74.5 74.23999786376953125 72.98000335693359375 71.15000152587890625 68.68000030517578125
76.3899993896484375 75.3899993896484375 75.4199981689453125 75.26999664306640625 77.160003662109375 86.8300018310546875 95.84999847412109375 93.94000244140625 91.839996337890625 97.279998779296875 95.98000335693359375 95.19000244140625 94.81999969482421875 94.4499969482421875 93.589996337890625 95.0500030517578125 98.970001220703125 99.15000152587890625 102.23000335693359375 102.62999725341796875 99.43000030517578125 97.45999908447265625 97.4199981689453125 91.9199981689453125 91 88.75 89.68000030517578125 90.15000152587890625 90.6699981689453125 88.51999664306640625 81.95999908447265625 78.12000274658203125 73.79000091552734375 72.01000213623046875 71.55999755859375 71.15000152587890625 71.3600006103515625 72.76000213623046875 72.62000274658203125 71.55999755859375 70.34999847412109375 68.1999969482421875
86.4499969482421875 81.95999908447265625 78.20999908447265625 74.0500030517578125 74.48999786376953125 79.779998779296875 92.51999664306640625 89.839996337890625 89.76999664306640625 89.8300018310546875 89.81999969482421875 94.720001220703125 93.8000030517578125 94.3899993896484375 95.76999664306640625 96.84999847412109375 96.56999969482421875 96.6399993896484375 93.19000244140625 92.6399993896484375 92.12999725341796875 92.23000335693359375 92.12999725341796875 92.0800018310546875 91.59999847412109375 91.1699981689453125 87.8000030517578125 81.76000213623046875 75.5500030517578125 75.3600006103515625 75.5800018310546875 74.1699981689453125 72.5500030517578125 70.220001220703125 68.54000091552734375 68.3000030517578125 69.37000274658203125 68.9199981689453125 70.04000091552734375 69.8600006103515625 69.15000152587890625 67.04000091552734375
85.029998779296875 83.6100006103515625 79.19000244140625 75.43000030517578125 73.51000213623046875 75.26000213623046875 89.51000213623046875 90.69000244140625 89.720001220703125 89.68000030517578125 89.84999847412109375 94.410003662109375 94.26999664306640625 94.339996337890625 94.470001220703125 94.470001220703125 94.76999664306640625 95.25 94.69000244140625 93.51999664306640625 93.660003662109375 98.470001220703125 95.51000213623046875 90.05999755859375 88.4499969482421875 85.9499969482421875 82.26000213623046875 79.3899993896484375 76.0800018310546875 73.01999664306640625 72.6399993896484375 71.779998779296875 70.59999847412109375 69.0800018310546875 66.44000244140625 64.95999908447265625 64.1999969482421875 65.06999969482421875 67.65000152587890625 68.3000030517578125 67.6399993896484375 66.44000244140625
83.80999755859375 79.8000030517578125 77.160003662109375 73.95999908447265625 72.37000274658203125 76.93000030517578125 87.1399993896484375 87.76999664306640625 89.94000244140625 87.1999969482421875 89.589996337890625 94.8600006103515625 94.51999664306640625 94.6999969482421875 94.51999664306640625 92.9199981689453125 92.79000091552734375 93.3300018310546875 92.6999969482421875 91.76999664306640625 90.4499969482421875 90.56999969482421875 96.23999786376953125 94.62000274658203125 87.26000213623046875 85.19000244140625 82.79000091552734375 80.4499969482421875 77.1100006103515625 75.01999664306640625 72.29000091552734375 70.779998779296875 69.62000274658203125 68.4199981689453125 66.23999786376953125 64.660003662109375 63.840000152587890625 62.299999237060546875 63.68000030517578125 65.26000213623046875 65.5800018310546875 63.939998626708984375
91.40000152587890625 88.089996337890625 83.4499969482421875 76.8600006103515625 71.34999847412109375 75.73999786376953125 82.1999969482421875 90.1100006103515625 81.29000091552734375 82.12000274658203125 84.4499969482421875 83.76000213623046875 84.59999847412109375 84.8600006103515625 83.3899993896484375 89.95999908447265625 91.6999969482421875 91.3600006103515625 90.98999786376953125 90.01000213623046875 88.75 89.160003662109375 89.8300018310546875 92.34999847412109375 92.59999847412109375 88.44000244140625 82.55999755859375 80.54000091552734375 78.62000274658203125 76.06999969482421875 75.26999664306640625 72.09999847412109375 71.0800018310546875 70.26999664306640625 68.68000030517578125 66.87000274658203125 64.3600006103515625 61.720001220703125 61.6399993896484375 62.65000152587890625 63.299999237060546875 62.380001068115234375
94.70999908447265625 91.26000213623046875 88.4499969482421875 80.48999786376953125 71.1399993896484375 70.73999786376953125 76.220001220703125 80.3899993896484375 78.01999664306640625 76.12999725341796875 76.26000213623046875 83.3600006103515625 83.69000244140625 85.40000152587890625 84.470001220703125 86.45999908447265625 90.31999969482421875 90.0500030517578125 89.37999725341796875 88.6100006103515625 87.6100006103515625 90.1100006103515625 89.9499969482421875 85.4499969482421875 85.20999908447265625 90.220001220703125 88.98999786376953125 80.720001220703125 78.76000213623046875 77.19000244140625 75.09999847412109375 74.25 73.01000213623046875 71.8300018310546875 70.31999969482421875 68.589996337890625 65.73999786376953125 62.279998779296875 60.060001373291015625 60.34999847412109375 61.029998779296875 60.549999237060546875
