includes/LCred4_5m.asc
ncols         430
nrows         300
xllcorner     910637.5
yllcorner     6233612.5
cellsize      5.0
[rows 114 to 132 of 300, columns 88 to 131 of 430]
57.76037916633091 57.630351045184156 56.71361605915555 56.51444666551812 56.29380682430001 56.07447704716648 56.06959444129428 55.576650854834014 55.52636806843259 55.441352380291285 55.31159400269637 55.28156740996862 54.78840782888717 54.71609010651931 54.39581597027572 54.231922594882526 54.071108782318696 53.27819017535662 53.10067475796875 52.761347562274885 52.51101252061947 52.37940366778799 51.40388022252442 51.26618810711681 51.02305244891599 50.92509991532148 50.769812273128494 49.63945211584088 49.456528079127075 49.130397700559215 48.92420665423351 48.70854696939884 47.50055300938734 47.26208150842668 46.973107274145036 46.71834396869044 46.59464709967494 45.66062575639535 45.51857457043292 45.34302780924263 45.200634599262315 45.13535709720988 44.30810286494743 44.213871606557056
58.801187390830854 58.639719137693895 57.72670307585723 57.572687516716194 57.674334674646616 57.256975500639086 57.19407733128399 56.64232134984716 56.55298610777143 56.57675752901765 56.18734758924752 56.13508088884254 55.597445714445534 55.473421804796466 55.3925491067225 54.944302854120814 54.8346609601495 54.08486686738933 53.93773307289009 53.79476342337999 53.40323150931292 53.266878131430005 52.2871582721824 52.14405326988685 51.91829781020904 51.51299271880685 51.318123481954636 50.158122840865865 49.95548701673751 49.72536952744336 49.31597484260156 49.11553144534249 47.94512718295551 47.76528598421701 47.60735833453693 47.28534374233331 47.12166602138545 46.168144338510885 46.03475598748551 45.82254853041957 45.52269280289221 45.39262849158829 44.501752839049445 44.363844637768054
59.441533008513474 58.975091231817 58.069349695354155 58.10957911656285 58.02836457560561 57.93654967781463 57.4909461047066 56.897930343914204 56.841233037403555 56.74283118408957 56.70489612951759 56.30221178794262 55.73990104395375 55.585594517289145 55.45312932476575 55.39956606782285 54.95607373723007 54.24202393999202 54.08376768681293 54.00508112261886 53.87197667058648 53.43154445653645 52.470886495447274 52.24305518990775 52.18019106614798 51.97511406765106 51.456170434786706 50.288052065195636 49.99742209807524 49.86124072223283 49.69600762226782 49.237962032550705 48.110020181158944 47.94150354977967 47.870329149106546 47.69175584938319 47.295684503858446 46.339827379127534 46.09538464963897 46.0268166355066 45.87459629156951 45.49006840379498 44.56562789510431 44.268709824823766
59.711819158835894 59.50352088632628 58.513555531855346 58.33687982799117 58.130001068115234 58.17570448673528 58.07415680389122 57.18904217156794 56.98285741858776 56.52000045776367 56.84099775872675 56.803091294548594 55.88642264785322 55.65195744001175 55.150001525878906 55.47830707988824 55.432790730153485 54.325819241664114 54.2056818893247 54.220001220703125 54.01683159442598 53.83319634483173 52.479996799671845 52.38966845480424 52.70000076293945 52.14066717978548 51.81665615116909 50.291586782016616 50.06724529878255 50.0 49.79867414692315 49.57836813326889 48.17943496590869 48.07383583998394 48.310001373291016 47.85617270531398 47.60026162968865 46.329953491475344 46.21012905598709 46.36000061035156 45.99753143503147 45.75651715021164 44.477023887988544 44.2862032742022
59.90933554049899 59.81220573685349 59.037347602490364 58.61220023347933 58.47795007608486 58.43190622080216 58.49550347608955 57.620527982532906 57.26464086673842 57.10599984215394 57.089504570708954 57.22006999621078 56.32846692499684 55.87145762873127 55.697485879593444 55.66446099513542 55.650163436393946 54.69740646306146 54.32161321606999 54.21743236113183 54.105529498498775 53.90853029218439 52.798828033603705 52.43958514844228 52.34808893543206 52.15199670230771 51.88298847167287 50.6588364040825 50.13963466272934 49.987205901702474 49.84044909136006 49.5975292576864 48.49402217510595 48.121004010244306 48.03881481328173 47.88471224300574 47.611968595557634 46.537322546368195 46.269238579087016 46.172518559466326 46.02013492493884 45.830062231624694 44.66684902663613 44.3212759396823
60.27413255073728 60.11980757593799 59.36272924639345 59.2449974266204 58.880135073892504 58.96584487479004 58.84418873617635 57.958543704457185 57.840243721038306 57.54780120961197 57.669865772163845 57.52653112057522 56.589122653527866 56.425672365618276 56.03456630668642 56.00207723306341 55.86699297279511 54.857153609595386 54.72571941028501 54.36425216311586 54.21282115928633 54.04748796388931 52.89194827890433 52.73337596138444 52.36745590103976 52.201191909034186 51.961007555031664 50.72104188251455 50.5074706412385 50.05194216313752 49.85674135335135 49.674128878914026 48.551918379679684 48.416770973219 48.0617114677316 47.86911082908748 47.7023675982829 46.61566886420463 46.46974757913434 46.21978028446783 46.1001830551301 45.89505335762307 44.70001926025389 44.501831573927404
62.14634850321227 62.032393165009964 61.29933732889843 61.17181252188348 61.11540697065 60.671601115022455 60.55158590601977 59.66700631958992 59.55311818765813 59.402230475264474 58.94208882799565 58.73535592992231 57.74610101058123 57.55908775564237 57.390809647421264 56.95994412500622 56.794664743216835 55.74768503195953 55.59330400032355 55.405054718915316 55.05266035777175 54.88135740030119 53.695374015605275 53.49793317218641 53.19026936001099 52.751074910622705 52.51169609876346 51.25285068015853 51.009199242074565 50.752750122333836 50.36709933355724 50.211658899472425 49.09905054711796 48.952661041600685 48.7555137911558 48.48791590777143 48.34916890042905 47.26957619582964 47.11267939649633 46.780562341153285 46.41050849114435 46.17443584819307 44.94264648544509 44.70777638130582
62.85928794149602 62.313544236744164 61.60898027680667 61.551461534968865 61.52085593698752 61.36349189283141 60.862008023787624 60.00723788735021 59.915339367122286 59.93861367593195 59.660940838588566 59.033271395349345 58.00684369575632 57.78402215377593 57.69052759154907 57.50016143279317 56.98351181900273 55.9181865014413 55.68861685560853 55.59394135662559 55.42982273233642 54.99612390421625 53.804216765163 53.44959393270287 53.308337234553726 53.109432604097066 52.57305509929137 51.30378332268688 50.931540541576325 50.72861845213927 50.627825792050785 50.23805621028834 49.151972895503796 48.91137083214677 48.80246973034973 48.69845699555282 48.39961528239513 47.35118231793181 47.023831527075004 46.93997415967699 46.71879880884182 46.22106762708627 44.97006977973308 44.5207175091621
63.084808272753804 62.9412588226269 61.85809889387855 61.79120476331673 62.040000915527344 61.62150602972196 61.41629245878146 60.16815002027109 60.21684305829869 61.060001373291016 59.980256060345575 59.53899208508392 58.12955941349516 57.951179831689146 58.11000061035156 57.684751001737915 57.41023665944821 55.95748756504539 55.79818809961437 55.86000061035156 55.55753011310252 55.30895716405011 53.72834475106966 53.51491238437803 53.5 53.2027978721235 52.89449235937282 51.25154845720249 50.9101868804604 50.400001525878906 50.63607968399808 50.52042519271958 49.10344895816654 48.93442788311263 48.790000915527344 48.74487543109279 48.6015852245806 47.20109685311839 47.10238952907714 47.40999984741211 46.82302930292652 46.45861756738684 44.79913349580312 44.489112919494346
63.28169081186077 63.234176542280224 62.39868108647565 61.94658241654307 61.871195840363285 61.74953211210377 61.697407886423605 60.634587495695726 60.26105657824137 60.24070428971324 59.98692812482746 59.75991319760778 58.49883449199697 58.044918149270934 57.91436329713478 57.74033688971028 57.579780140218766 56.25748013209579 55.879408184313526 55.758693426180734 55.6059198371431 55.40936721980727 54.0332579456775 53.580831844637835 53.41924001334474 53.22614139966519 52.875215049818515 51.4957466299778 51.019942838444656 50.80551992069083 50.71267835572038 50.44788379224071 49.3225307170708 48.99570911476012 48.87888921686536 48.78378589186388 48.56518777289967 47.4132247634392 47.09167303857246 46.995517230945374 46.77235884952408 46.35498254946092 44.974687628222114 44.52782915864572
63.65690383750925 63.50462176791873 62.62061505038426 62.502359027108604 62.049447533428975 62.047846673214565 61.89047006359964 60.768052634432166 60.65112269963624 60.210633592207074 60.13938553388667 59.87465646565679 58.60405010422269 58.39209286152554 57.984408510549336 57.89722675586476 57.69278875209891 56.35232337354957 56.18799907854138 55.84504125473484 55.721305120926104 55.51448627544673 54.11180848549374 53.89666092018245 53.48488385101092 53.2229214286314 52.9563009763064 51.56683860260498 51.31578793739364 50.95491824266889 50.69155230353775 50.53252937614641 49.37977052779947 49.24285987989362 48.96041963118348 48.7731294150019 48.62796818676219 47.431745136405226 47.26606968049729 46.932558124679154 46.63577125201254 46.36429503810049 44.97040547370547 44.705074071511255
65.22041951287817 65.0631554218443 64.13742156017813 63.96896387144382 63.80445845366075 63.386660793101626 63.23676529931321 62.074170582981864 61.88633335444289 61.59136854169113 61.09130392696639 60.849608973264715 59.56326113738974 59.30392328701571 59.0543805636679 58.61774151494034 58.4447038730031 57.11564455442078 56.94168696382332 56.696118182703 56.34068893091036 56.13355987221396 54.72116465573487 54.48807757539836 54.15907146616519 53.674699907700735 53.40469926300509 52.00645286241139 51.743547066074875 51.50664898297252 51.12333505848975 50.975281750896926 49.8251211281169 49.686680203511514 49.47804961687089 49.17943434444166 49.02539200917558 47.80725162733321 47.61374228273123 47.23396380831482 46.78224477697669 46.50211463769698 45.08653380332417 44.796116918743394
65.91981566082724 65.30379586156383 64.3486767596565 64.12123022341646 64.00499172565956 63.86285766058843 63.38242215607167 62.21059277143163 61.86778765096501 61.725815312091186 61.52780843093139 60.92888302011838 59.634971157985504 59.269804002037866 59.05896548340003 58.945222092821815 58.50401074208684 57.21753922448539 56.95044374150492 56.84316255336937 56.66482262935793 56.225577505576545 54.829277478779986 54.451773681861084 54.29277879433742 54.06803333802345 53.479374654911545 52.076029130205406 51.71006649360261 51.49461738445006 51.40139433271935 51.027917585041095 49.90862753143827 49.67120012490864 49.57627109452471 49.44446254634702 49.08169882066198 47.87043964743895 47.46070359205636 47.319761577791674 47.09089817108911 46.513532570097816 45.080035580785925 44.56572985708195
66.14353834354988 65.8922642405495 64.4553532949848 64.248319530125 64.12000274658203 64.00455735525418 63.800124985934836 62.170348313685416 61.95183894508806 61.900001525878906 61.636251195345544 61.32932071753545 59.6190007435237 59.26582137447267 58.75 58.97578139131183 58.847805316783734 57.17977570545419 57.0287762373302 57.09000015258789 56.77386176550889 56.501941355595136 54.75502523827136 54.51940820000029 54.52000045776367 54.17249612824926 53.82944525761985 52.064238111971086 51.69542725616833 51.11000061035156 51.41959455796034 51.32739103640004 49.86818120950563 49.726922852100515 49.70000076293945 49.51950220531676 49.31554603039236 47.6979297109781 47.503956070156875 47.59000015258789 47.16396348450363 46.791100499992154 44.90269148438236 44.48816225145594
66.2794969548696 66.23057050937825 64.8287848088868 64.40457197358573 64.24963250070857 64.1227547081294 63.98051727183853 62.53473580512952 62.0512986185212 61.8786170499971 61.68737934177386 61.37350602360533 59.93481876600965 59.39457103929422 59.16999519230565 59.07114485130734 58.798042104124626 57.47776333156106 57.08847700149767 56.969034109637995 56.80458947119443 56.47707724367269 55.093061786895035 54.580163617032184 54.404778495282784 54.19080974308915 53.771409436515334 52.3445122351628 51.830416463720255 51.60375387679524 51.52496382097285 51.28019824518483 50.08830143927684 49.79062729378953 49.68063765595482 49.55464391390353 49.307902854872246 47.95274986547953 47.524351801106775 47.368097526884505 47.13630242304246 46.687656747736355 45.08583295520077 44.573903838455585
66.65436817961337 66.44101737452249 65.01150105019424 64.8318817140354 64.4602844615579 64.36756570222978 64.15630156823462 62.66497013647443 62.440921459335186 61.99494912206441 61.76637200164771 61.486825744423406 60.03046800288569 59.76801501794096 59.345395453793586 59.07601699987924 58.90966991824966 57.55443261476301 57.40278028144352 57.03628016574692 56.793057879551014 56.56898670218211 55.16144256039992 54.92146832820374 54.45537178269012 54.13634113399486 53.85586120407383 52.432119765092615 52.17919379004044 51.796696719685116 51.54277933764167 51.39470635115265 50.168178183476144 50.03457768717304 49.76126355784989 49.57386195447488 49.38637568758769 47.99128207551565 47.767746225553104 47.36078854856207 47.028062679396534 46.721518173662474 45.11043269316206 44.80496429823879
67.8564548676339 67.66269418695342 66.23009670077016 66.03414161422727 65.77232366687976 65.2638785875623 65.03075071423801 63.509464721964704 63.25594717518881 62.92866567192981 62.38957263925414 62.101259709665946 60.62796109158378 60.34721902540664 60.049924301756604 59.62143279687006 59.46672594489474 58.11490121387239 57.962830134996636 57.68343864250017 57.27557518630358 57.04150991307552 55.62108168942438 55.36532634956491 54.951290230553354 54.48160315946228 54.20433686759267 52.785833961600694 52.540590133214806 52.22110219748695 51.85756341681009 51.702774676992064 50.47779158529021 50.3553395653759 50.042011526651734 49.75440630228724 49.53354927898322 48.114017713294906 47.88184096570593 47.44946041456991 47.02338229486743 46.70089192947071 45.08200355232522 44.78222155468054
68.34574512849443 67.82526186865229 66.42606764465857 66.14437979007985 66.03829325518541 65.81165376450889 65.19022186408856 63.66955454774393 63.28327707453934 63.11422888574473 62.86605891433786 62.21029489130231 60.72315380233621 60.28383556993393 60.05257032351861 59.95114996778915 59.534213137691744 58.2262449756537 57.95188339734399 57.87133777668815 57.65399851209854 57.124518444949 55.70653798591011 55.22951712370959 55.05255763900166 54.82337232938276 54.258992401313556 52.8508848819831 52.43861370301137 52.267433634066705 52.135561614177995 51.75366117796226 50.5673154164325 50.282583112419225 50.24534907166135 50.01621084710618 49.59112504524222 48.17397964941966 47.718328153213086 47.57963932936946 47.29591212303369 46.72083855840932 45.09545202354681 44.55121292728522
68.46714101044698 68.28254974278944 66.45152805072624 66.29382446541221 66.4800033569336 65.98930407251238 65.64280925290545 63.643423706286335 63.38279136872592 63.400001525878906 63.00312478685453 62.62647002263556 60.68089499237483 60.280177261584896 59.650001525878906 59.97900679168437 59.879191487814964 58.150628720002096 58.052000717486976 58.34000015258789 57.78035678592418 57.42981137030854 55.53804530560254 55.27083209093701 55.25 54.90387208852116 54.56156639760518 52.72846089011871 52.442394637211365 52.20000076293945 52.169649296049506 52.006086413610994 50.40263815897749 50.37805894028414 50.93000030517578 50.134215486080464 49.75335320497948 47.94972813711782 47.76498073756112 48.09000015258789 47.38365278937826 46.928881113062594 44.874255160353016 44.50117049959796
